1.994 -0.269782 -0.311214 1.24438 0.686452
0 0.2 0
0.02 0.316458 0
0.04 0.533489 0
0.06 0.551103 0
0.08 0.469313 0
0.1 0.288129 0
0.12 0.50756 0
0.14 0.227615 0
0.16 0.648302 0
0.18 0.669626 0
0.2 0.291595 0
0.22 0.614213 0
0.24 0.737483 0
0.26 0.761407 0
0.28 0.485989 0
0.3 0.711228 0
0.32 0.737124 0
0.34 0.663675 0
0.36 0.49088 0
0.38 0.918735 0
0.4 0.947235 0
0.42 0.676376 0
0.44 0.90615 0
0.46 0.736551 0
0.48 1.06757 0
0.5 1.0992 0
0.52 0.931427 0
0.54 0.864243 0
0.56 0.897635 0
0.58 0.93159 0
0.6 1.06609 0
0.62 1.10113 0
0.64 0.936692 0
0.66 1.27275 0
0.68 1.3093 0
0.7 1.44632 0
0.72 1.28379 0
0.74 1.32169 0
0.76 1.26 0
0.78 1.2987 0
0.8 1.33777 0
0.82 1.57719 0
0.84 1.41693 0
0.86 1.35698 0
0.88 1.69731 0
0.9 1.6379 0
0.92 1.47872 0
0.94 1.81975 0
0.96 1.76096 0
0.98 1.60234 0
1 1.94385 0
1.02 1.78546 0
1.04 2.12716 0
1.06 1.86892 0
1.08 2.21071 0
1.1 2.15251 0
1.12 1.99429 0
1.14 2.13603 0
1.16 2.07769 0
1.18 2.21926 0
1.2 2.0607 0
1.22 2.102 0
1.24 2.54313 0
1.26 2.18406 0
1.28 2.32477 0
1.3 2.46524 0
1.32 2.40544 0
1.34 2.34534 0
1.36 2.48494 0
1.38 2.42419 0
1.4 2.56309 0
1.42 2.7016 0
1.44 2.83971 0
1.46 2.97741 0
1.48 3.01466 0
1.5 2.75145 0
1.52 2.98777 0
1.54 2.92359 0
1.56 2.7589 0
1.58 2.79368 0
1.6 3.02793 0
1.62 2.86161 0
1.64 3.29473 0
1.66 3.02726 0
1.68 3.0592 0
1.7 2.99054 0
1.72 3.12126 0
1.74 3.45136 0
1.76 3.48083 0
1.78 3.10966 0
1.8 3.23785 0
1.82 3.56539 0
1.84 3.39228 0
1.86 3.41852 0
1.88 3.4441 0
1.9 3.56902 0
1.92 3.49329 0
1.94 3.31689 0
1.96 3.63985 0
1.98 3.66215 0
2 3.38381 0
2.02 3.50483 0
2.04 3.72521 0
2.06 3.54496 0
2.08 3.6641 0
2.1 3.68262 0
2.12 3.90054 0
2.14 3.61787 0
2.16 3.63462 0
2.18 3.95081 0
2.2 3.86645 0
2.22 3.98154 0
2.24 3.69612 0
2.26 3.81019 0
2.28 3.82377 0
2.3 3.93688 0
2.32 3.64953 0
2.34 4.06175 0
2.36 3.87355 0
2.38 4.08496 0
2.4 3.796 0
2.42 3.80668 0
2.44 4.11703 0
2.46 4.02708 0
2.48 3.73684 0
2.5 4.04634 0
2.52 3.9556 0
2.54 3.96464 0
2.56 4.0735 0
2.58 3.98219 0
2.6 3.89075 0
2.62 3.89919 0
2.64 3.90754 0
2.66 4.21583 0
2.68 4.22408 0
2.7 4.13233 0
2.72 4.14058 0
2.74 4.14888 0
2.76 4.25724 0
2.78 4.06569 0
2.8 3.87426 0
2.82 4.18297 0
2.84 3.99185 0
2.86 4.00092 0
2.88 4.11021 0
2.9 4.21973 0
2.92 4.02953 0
2.94 4.1396 0
2.96 4.34999 0
2.98 4.06072 0
3 4.37179 0
3.02 3.98325 0
3.04 4.3951 0
3.06 4.00737 0
3.08 4.12007 0
3.1 4.43323 0
3.12 4.34687 0
3.14 4.36099 0
3.16 4.27563 0
3.18 4.39079 0
3.2 4.30648 1
3.22 4.12274 1
3.24 4.23956 1
3.26 4.45695 1
3.28 4.27494 1
3.3 4.19354 1
3.32 4.41274 1
3.34 4.33256 1
3.36 4.35302 1
3.38 4.37411 1
3.4 4.59584 1
3.42 4.41822 1
3.44 4.44125 1
3.46 4.46493 1
3.48 4.78927 1
3.5 4.81427 1
3.52 4.63993 1
3.54 4.56624 1
3.56 4.7932 1
3.58 4.62082 1
3.6 4.74908 1
3.62 4.77799 1
3.64 5.00753 1
3.66 4.7377 1
3.68 4.8685 1
3.7 4.6999 1
3.72 4.93191 1
3.74 4.96451 1
3.76 4.7977 1
3.78 5.23144 1
3.8 4.96575 1
3.82 5.10059 1
3.84 5.03596 1
3.86 5.17184 1
3.88 5.30821 1
3.9 5.44506 1
3.92 5.08237 1
3.94 5.32011 1
3.96 5.25827 1
3.98 5.29683 1
4 5.23577 1
4.02 5.37506 1
4.04 5.51469 1
4.06 5.55463 1
4.08 5.69486 1
4.1 5.53536 1
4.12 5.77609 1
4.14 5.51705 1
4.16 5.9582 1
4.18 5.89952 1
4.2 5.94098 1
4.22 5.98256 1
4.24 5.82423 1
4.26 5.96597 1
4.28 5.90775 1
4.3 5.84955 1
4.32 6.09134 1
4.34 6.3331 1
4.36 5.97479 1
4.38 6.41639 1
4.4 6.05789 1
4.42 6.19925 1
4.44 6.54044 1
4.46 6.38145 1
4.48 6.22224 1
4.5 6.4628 1
4.52 6.4031 1
4.54 6.34311 1
4.56 6.48282 1
4.58 6.8222 1
4.6 6.76123 1
4.62 6.59989 1
4.64 6.63815 1
4.66 6.776 1
4.68 6.91342 1
4.7 6.75039 1
4.72 7.08688 1
4.74 7.02288 1
4.76 6.85838 1
4.78 6.79336 1
