1.884 4.35278 -0.897226 -7.6242 1.03923
0 0.1 0
0.02 0.211958 0
0.04 0.223489 0
0.06 0.134613 0
0.08 0.145348 0
0.1 0.155715 0
0.12 0.265735 0
0.14 0.275429 0
0.16 0.284819 0
0.18 0.293927 0
0.2 0.302776 0
0.22 0.211388 0
0.24 0.319787 0
0.26 0.327996 0
0.28 0.236039 0
0.3 0.343941 0
0.32 0.351726 0
0.34 0.359418 0
0.36 0.367042 0
0.38 0.274622 0
0.4 0.382184 1
0.42 0.389752 1
0.44 0.297351 1
0.46 0.305006 1
0.48 0.412741 1
0.5 0.420582 1
0.52 0.428552 1
0.54 0.436675 1
0.56 0.444976 1
0.58 0.453479 1
0.6 0.362206 1
0.62 0.371182 1
0.64 0.380428 1
0.66 0.489968 1
0.68 0.399822 1
0.7 0.510014 1
0.72 0.420563 1
0.74 0.53149 1
0.76 0.442815 1
0.78 0.554557 1
0.8 0.566736 1
0.82 0.579369 1
0.84 0.592474 1
0.86 0.506067 1
0.88 0.620165 1
0.9 0.534783 1
0.92 0.549935 1
0.94 0.565636 1
0.96 0.681898 1
0.98 0.698734 1
1 0.616155 1
1.02 0.634171 1
1.04 0.652793 1
1.06 0.672028 1
1.08 0.691885 1
1.1 0.812371 1
1.12 0.833492 1
1.14 0.755254 1
1.16 0.777659 1
1.18 0.900712 1
1.2 0.924415 1
1.22 0.848769 1
1.24 0.973775 1
1.26 0.999433 1
1.28 0.92574 1
1.3 1.0527 1
1.32 0.980295 1
1.34 1.00853 1
1.36 1.13741 1
1.38 1.06691 1
1.4 1.19704 1
1.42 1.12778 1
1.44 1.15912 1
1.46 1.19106 1
1.48 1.22358 1
1.5 1.35668 1
1.52 1.29034 1
1.54 1.32455 1
1.56 1.45929 1
1.58 1.49456 1
