1.961 -0.496322 0.185708 1.05493 -0.0195431
0 0.2 0
0.02 0.201388 0
0.04 0.202545 0
0.06 0.1035 0
0.08 0.204285 0
0.1 0.10493 0
0.12 0.105467 0
0.14 0.205927 0
0.16 0.206343 0
0.18 0.106744 0
0.2 0.207163 0
0.22 0.107632 0
0.24 0.208182 0
0.26 0.208844 0
0.28 0.20965 0
0.3 0.11063 0
0.32 0.111816 0
0.34 0.213237 0
0.36 0.214924 0
0.38 0.216907 0
0.4 0.219214 0
0.42 0.121875 0
0.44 0.224917 0
0.46 0.128368 0
0.48 0.232254 0
0.5 0.136604 0
0.52 0.141441 0
0.54 0.246791 0
0.56 0.252677 0
0.58 0.259124 0
0.6 0.266152 0
0.62 0.273785 0
0.64 0.182042 0
0.66 0.190943 0
0.68 0.300507 0
0.7 0.210751 0
0.72 0.321692 0
0.74 0.333345 0
0.76 0.345725 0
0.78 0.258845 0
0.8 0.372717 0
0.82 0.387353 0
0.84 0.302761 0
0.86 0.418952 0
0.88 0.335932 0
0.9 0.453708 0
0.92 0.472284 0
0.94 0.391665 0
0.96 0.511854 0
0.98 0.43285 0
1 0.554656 0
1.02 0.477269 0
1.04 0.500688 0
1.06 0.524909 0
1.08 0.649926 0
1.1 0.675735 0
1.12 0.602327 0
1.14 0.729696 0
1.16 0.75783 0
1.18 0.686719 0
1.2 0.716351 0
1.22 0.746714 0
1.24 0.877793 0
1.26 0.809573 0
1.28 0.842037 0
1.3 0.875169 0
1.32 0.90895 0
1.34 1.04336 0
1.36 0.978379 0
1.38 1.01399 0
1.4 1.15016 0
1.42 1.18687 0
1.44 1.22411 0
1.46 1.26184 0
1.48 1.20004 0
1.5 1.33868 0
1.52 1.37773 0
1.54 1.41718 0
1.56 1.35698 0
1.58 1.39712 0
1.6 1.53756 0
1.62 1.57827 0
1.64 1.51923 0
1.66 1.6604 0
1.68 1.60175 0
1.7 1.74326 0
1.72 1.78488 0
1.74 1.7266 0
1.76 1.76837 0
1.78 1.81016 0
1.8 1.85196 0
1.82 1.89371 0
1.84 1.93539 0
1.86 2.07698 0
1.88 2.11843 0
1.9 2.05972 0
1.92 2.10082 0
1.94 2.2417 0
1.96 2.18232 0
1.98 2.22265 0
2 2.36267 0
2.02 2.40235 0
2.04 2.44166 0
2.06 2.38058 0
2.08 2.51906 0
2.1 2.45709 0
2.12 2.49465 0
2.14 2.5317 0
2.16 2.66823 0
2.18 2.6042 0
2.2 2.6396 0
2.22 2.77441 0
2.24 2.80859 0
2.26 2.74215 0
2.28 2.77504 0
2.3 2.90726 0
2.32 2.8388 0
2.34 2.96962 0
2.36 2.89973 0
2.38 2.9291 0
2.4 3.05772 0
2.42 2.98558 0
2.44 3.11267 0
2.46 3.13899 0
2.48 3.06451 0
2.5 3.08925 0
2.52 3.11318 0
2.54 3.13632 0
2.56 3.25864 0
2.58 3.18016 0
2.6 3.20087 0
2.62 3.32077 0
2.64 3.33986 0
2.66 3.35815 0
2.68 3.37565 0
2.7 3.29234 0
2.72 3.40825 0
2.74 3.42339 0
2.76 3.33775 0
2.78 3.45135 0
2.8 3.46421 0
2.82 3.37633 0
2.84 3.38772 0
2.86 3.49842 0
2.88 3.50841 0
2.9 3.41774 0
2.92 3.42641 0
2.94 3.53444 0
2.96 3.44186 0
2.98 3.44868 0
3 3.55492 0
3.02 3.56061 0
3.04 3.56578 0
3.06 3.47044 0
3.08 3.57462 0
3.1 3.57835 0
3.12 3.48165 0
3.14 3.58455 0
3.16 3.58708 0
3.18 3.48927 0
3.2 3.59115 0
3.22 3.59274 0
3.24 3.59407 0
3.26 3.49518 0
3.28 3.49609 0
3.3 3.49684 0
3.32 3.59746 0
3.34 3.49798 0
3.36 3.49843 0
3.38 3.59884 0
3.4 3.59924 0
3.42 3.59967 0
3.44 3.50015 0
3.46 3.60072 0
3.48 3.50142 0
3.5 3.60226 0
3.52 3.60328 0
3.54 3.60452 0
3.56 3.50599 0
3.58 3.60774 0
3.6 3.6098 0
3.62 3.61218 0
3.64 3.61492 0
3.66 3.51805 0
3.68 3.5216 0
3.7 3.52559 0
3.72 3.63004 0
3.74 3.53499 0
3.76 3.64046 0
3.78 3.54647 0
3.8 3.55304 0
3.82 3.5602 0
3.84 3.66797 0
3.86 3.67637 0
3.88 3.58542 0
3.9 3.59513 0
3.92 3.60553 0
3.94 3.71663 0
3.96 3.62844 0
3.98 3.64098 0
4 3.75427 0
4.02 3.76831 0
4.04 3.78312 0
4.06 3.7987 0
4.08 3.71507 0
4.1 3.73222 0
4.12 3.75018 0
4.14 3.86893 0
4.16 3.88849 0
4.18 3.80886 0
4.2 3.93004 0
4.22 3.85202 0
4.24 3.97482 0
4.26 3.89841 0
4.28 4.02281 0
4.3 4.04801 0
4.32 3.97399 0
4.34 4.00076 0
4.36 4.02829 0
4.38 4.1566 0
4.4 4.18565 0
4.42 4.11545 0
4.44 4.24597 0
4.46 4.17721 0
4.48 4.20914 0
4.5 4.34176 0
4.52 4.27503 0
4.54 4.30896 0
4.56 4.4435 0
4.58 4.37866 0
4.6 4.41439 0
4.62 4.45069 0
4.64 4.58752 0
4.66 4.62487 0
4.68 4.6627 0
4.7 4.701 0
4.72 4.73974 0
4.74 4.77888 0
4.76 4.81841 0
4.78 4.75829 0
4.8 4.8985 1
4.82 4.839 1
4.84 4.97977 1
4.86 4.92078 1
4.88 4.96199 1
4.9 5.00338 1
4.92 5.04491 1
4.94 5.08656 1
4.96 5.12829 1
4.98 5.17007 1
5 5.31187 1
5.02 5.35365 1
5.04 5.2954 1
5.06 5.33706 1
5.08 5.37862 1
5.1 5.42004 1
5.12 5.56129 1
5.14 5.50234 1
5.16 5.54316 1
5.18 5.58372 1
5.2 5.72399 1
5.22 5.66394 1
5.24 5.70354 1
5.26 5.74276 1
5.28 5.78158 1
5.3 5.91997 1
5.32 5.8579 1
5.34 5.99534 1
5.36 5.93228 1
5.38 6.06869 1
5.4 6.00453 1
5.42 6.1398 1
5.44 6.17447 1
5.46 6.20852 1
5.48 6.14193 1
5.5 6.27468 1
5.52 6.30675 1
5.54 6.23812 1
5.56 6.36879 1
5.58 6.39873 1
5.6 6.32793 1
5.62 6.35639 1
5.64 6.48408 1
5.66 6.411 1
5.68 6.43714 1
5.7 6.56249 1
5.72 6.58705 1
5.74 6.61081 1
5.76 6.63376 1
5.78 6.6559 1
5.8 6.57724 1
5.82 6.59777 1
5.84 6.61749 1
5.86 6.63641 1
5.88 6.75452 1
5.9 6.67183 1
5.92 6.68836 1
5.94 6.80409 1
5.96 6.81905 1
5.98 6.73325 1
6 6.74668 1
6.02 6.85937 1
6.04 6.77133 1
6.06 6.88257 1
6.08 6.7931 1
6.1 6.80295 1
6.12 6.81213 1
6.14 6.92066 1
6.16 6.82855 1
6.18 6.93583 1
6.2 6.94252 1
6.22 6.84864 1
6.24 6.95421 1
6.26 6.85926 1
6.28 6.86381 1
6.3 6.96789 1
6.32 6.97152 1
6.34 6.97474 1
6.36 6.87755 1
6.38 6.88001 1
6.4 6.98212 1
6.42 6.88393 1
6.44 6.98546 1
6.46 6.98674 1
6.48 6.9878 1
6.5 6.88868 1
6.52 6.9894 1
6.54 6.98999 1
6.56 6.99049 1
6.58 6.89093 1
6.6 6.99133 1
6.62 6.99174 1
6.64 6.89217 1
6.66 6.99268 1
6.68 6.89327 1
6.7 6.89399 1
6.72 6.99487 1
6.74 6.89594 1
6.76 6.89723 1
6.78 6.99876 1
6.8 7.00058 1
6.82 7.0027 1
6.84 7.00516 1
6.86 6.90799 1
6.88 7.01121 1
6.9 6.91485 1
6.92 7.01894 1
6.94 6.92351 1
6.96 7.02857 1
6.98 7.03415 1
7 6.94029 1
7.02 6.94699 1
7.04 6.95428 1
7.06 7.06219 1
7.08 7.07073 1
7.1 7.07993 1
7.12 7.08979 1
7.14 7.00034 1
7.16 7.0116 1
7.18 7.02357 1
7.2 7.13628 1
7.22 7.14974 1
7.24 7.16395 1
7.26 7.17892 1
7.28 7.19468 1
7.3 7.21122 1
7.32 7.22855 1
7.34 7.14669 1
7.36 7.26562 1
7.38 7.28536 1
7.4 7.20591 1
7.42 7.22726 1
7.44 7.24943 1
7.46 7.3724 1
7.48 7.29618 1
7.5 7.42075 1
7.52 7.44612 1
7.54 7.47228 1
7.56 7.49922 1
7.58 7.52693 1
7.6 7.5554 1
7.62 7.48462 1
7.64 7.61458 1
7.66 7.64527 1
7.68 7.67666 1
7.7 7.70875 1
7.72 7.64151 1
7.74 7.77493 1
7.76 7.809 1
7.78 7.74368 1
7.8 7.87896 1
7.82 7.81482 1
7.84 7.95124 1
7.86 7.98819 1
7.88 8.02565 1
7.9 7.96359 1
7.92 8.00199 1
7.94 8.14082 1
7.96 8.18005 1
7.98 8.11966 1
8 8.15961 1
8.02 8.29989 1
8.04 8.24046 1
8.06 8.38128 1
8.08 8.32234 1
8.1 8.46359 1
8.12 8.40502 1
8.14 8.44658 1
8.16 8.48825 1
8.18 8.52999 1
8.2 8.67177 1
8.22 8.71357 1
8.24 8.65535 1
8.26 8.69708 1
8.28 8.73872 1
8.3 8.88025 1
8.32 8.92164 1
8.34 8.86285 1
8.36 8.90385 1
8.38 9.04462 1
8.4 8.98511 1
8.42 9.02531 1
8.44 9.16519 1
8.46 9.1047 1
8.48 9.24384 1
8.5 9.28257 1
8.52 9.22085 1
8.54 9.35868 1
8.56 9.29601 1
8.58 9.43283 1
8.6 9.46912 1
8.62 9.40484 1
8.64 9.43997 1
8.66 9.47451 1
8.68 9.60841 1
8.7 9.64168 1
8.72 9.67428 1
8.74 9.60619 1
8.76 9.73741 1
8.78 9.76792 1
8.8 9.6977 1
8.82 9.72674 1
8.84 9.85502 1
8.86 9.78254 1
8.88 9.80929 1
8.9 9.93525 1
8.92 9.96043 1
8.94 9.88481 1
8.96 9.90839 1
8.98 9.93116 1
9 10.0531 1
9.02 9.97429 1
9.04 9.99463 1
9.06 10.0142 1
9.08 10.0329 1
9.1 10.1508 1
9.12 10.168 1
9.14 10.1843 1
9.16 10.0999 1
9.18 10.2147 1
9.2 10.1287 1
9.22 10.142 1
9.24 10.1545 1
9.26 10.2663 1
9.28 10.1774 1
9.3 10.2878 1
9.32 10.1975 1
9.34 10.3065 1
9.36 10.3149 1
9.38 10.3226 1
9.4 10.2298 1
9.42 10.3363 1
9.44 10.3423 1
9.46 10.3478 1
9.48 10.3527 1
9.5 10.3572 1
9.52 10.3611 1
9.54 10.3647 1
9.56 10.3678 1
9.58 10.3705 1
9.6 10.3729 1
9.62 10.275 1
9.64 10.3767 1
9.66 10.3782 1
9.68 10.3794 1
9.7 10.2804 1
9.72 10.2813 1
9.74 10.2819 1
9.76 10.3825 1
9.78 10.283 1
9.8 10.2834 1
9.82 10.3838 1
9.84 10.2842 1
9.86 10.2847 1
9.88 10.2852 1
9.9 10.2858 1
9.92 10.3866 1
9.94 10.2875 1
9.96 10.3886 1
9.98 10.39 1
10 10.3915 1
10.02 10.2934 1
10.04 10.2956 1
10.06 10.2982 1
10.08 10.4011 1
10.1 10.3044 1
10.12 10.3081 1
10.14 10.3123 1
10.16 10.417 1
10.18 10.4222 1
10.2 10.4279 1
10.22 10.3341 1
10.24 10.341 1
10.26 10.4484 1
10.28 10.4564 1
10.3 10.4651 1
10.32 10.4745 1
10.34 10.4845 1
10.36 10.4952 1
10.38 10.4066 1
10.4 10.5187 1
10.42 10.5316 1
10.44 10.5452 1
10.46 10.4596 1
10.48 10.5748 1
10.5 10.4907 1
10.52 10.5074 1
10.54 10.6249 1
10.56 10.5432 1
10.58 10.5623 1
10.6 10.5823 1
10.62 10.603 1
10.64 10.6245 1
10.66 10.6469 1
10.68 10.67 1
10.7 10.794 1
10.72 10.7187 1
10.74 10.7443 1
10.76 10.7706 1
10.78 10.8977 1
