1.893 0.335 0.342002 1.16554 0.0680893
0 0.1 0
0.02 0.6366 0
0.04 0.472705 0
0.06 0.408296 0
0.08 0.543355 0
0.1 0.477867 0
0.12 0.711814 0
0.14 0.845183 0
0.16 0.577958 0
0.18 0.910127 0
0.2 0.941677 0
0.22 0.972596 0
0.24 1.00287 0
0.26 0.832501 0
0.28 0.861469 0
0.3 0.589769 0
0.32 1.1174 0
0.34 0.944342 0
0.36 0.870604 0
0.38 0.796177 0
0.4 1.02106 0
0.42 0.745247 0
0.44 0.868741 0
0.46 1.09154 0
0.48 0.913651 0
0.5 1.03507 0
0.52 1.2558 0
0.54 1.07585 0
0.56 1.29522 0
0.58 0.913922 0
0.6 0.931959 0
0.62 1.34934 0
0.64 1.36607 0
0.66 1.38217 0
0.68 1.39765 0
0.7 1.51251 0
0.72 1.42677 0
0.74 1.04044 0
0.76 1.35354 0
0.78 1.46609 0
0.8 1.57809 0
0.82 1.28958 0
0.84 1.50055 0
0.86 1.51104 0
0.88 1.62107 0
0.9 1.23064 0
0.92 1.33979 0
0.94 1.44853 0
0.96 1.45689 0
0.98 1.46489 0
1 1.57255 0
1.02 1.17989 0
1.04 1.28694 0
1.06 1.49373 0
1.08 1.50027 0
1.1 1.5066 0
1.12 1.61273 0
1.14 1.7187 0
1.16 1.72453 0
1.18 1.43024 0
1.2 1.63587 0
1.22 1.54144 0
1.24 1.64697 0
1.26 1.45249 0
1.28 1.35803 0
1.3 1.26361 0
1.32 1.36927 0
1.34 1.67502 0
1.36 1.2809 0
1.38 1.48692 0
1.4 1.49312 0
1.42 1.79953 0
1.44 1.70616 0
1.46 1.71304 0
1.48 1.42019 0
1.5 1.52765 0
1.52 1.33543 0
1.54 1.54355 0
1.56 1.85205 0
1.58 1.46094 0
1.6 1.87024 0
1.62 1.47998 0
1.64 1.49017 0
1.66 1.40083 0
1.68 1.71199 0
1.7 1.62366 0
1.72 1.53586 0
1.74 1.94861 0
1.76 1.46192 0
1.78 1.8758 0
1.8 1.99028 0
1.82 1.90537 0
1.84 1.72107 0
1.86 1.8374 0
1.88 1.55437 0
1.9 1.67198 0
1.92 1.69026 0
1.94 2.10921 0
1.96 1.92883 0
1.98 1.74912 0
2 1.87011 0
2.02 1.69178 0
2.04 2.11414 0
2.06 2.13719 0
2.08 2.16094 0
2.1 2.28538 0
2.12 1.81051 0
2.14 2.03634 0
2.16 2.36285 0
2.18 2.19005 0
2.2 2.21792 0
2.22 2.34646 0
2.24 2.27567 0
2.26 2.20554 0
2.28 2.33605 0
2.3 2.4672 0
2.32 2.39898 0
2.34 2.33137 0
2.36 2.46437 0
2.38 2.49795 0
2.4 2.3321 0
2.42 2.46681 0
2.44 2.40207 0
2.46 2.43785 0
2.48 2.67414 0
2.5 2.91091 0
2.52 2.44816 0
2.54 2.88586 0
2.56 2.72398 0
2.58 2.96252 0
2.6 2.90143 0
2.62 3.04072 0
2.64 2.88034 0
2.66 2.82029 0
2.68 2.86052 0
2.7 2.80103 0
2.72 3.24178 0
2.74 2.98275 0
2.76 3.02391 0
2.78 3.36525 0
2.8 3.30672 0
2.82 3.44832 0
2.84 3.09 0
2.86 3.13175 0
2.88 3.67354 0
2.9 3.31534 0
2.92 3.45712 0
2.94 3.29887 0
2.96 3.74054 0
2.98 3.88212 0
3 3.72358 0
3.02 3.76489 0
3.04 4.00603 0
3.06 3.74697 0
3.08 3.98769 0
3.1 3.82816 0
3.12 3.76835 0
3.14 3.90825 0
3.16 4.14783 0
3.18 4.08706 0
3.2 3.82593 0
3.22 3.9644 0
3.24 3.90247 0
3.26 4.1401 0
3.28 3.97728 0
3.3 4.11399 0
3.32 4.15021 0
3.34 4.48592 0
3.36 4.1211 0
3.38 4.35573 0
3.4 4.18981 0
3.42 4.32331 0
3.44 4.65621 0
3.46 4.78852 0
3.48 4.82021 0
3.5 4.65127 0
3.52 4.38169 0
3.54 4.51147 0
3.56 4.74058 0
3.58 4.86903 0
3.6 4.49681 0
3.62 4.92391 0
3.64 4.65032 0
3.66 5.07605 0
3.68 4.60109 0
3.7 4.92543 0
3.72 5.14908 0
3.74 5.17203 0
3.76 4.6943 0
3.78 5.01587 0
3.8 4.83675 0
3.82 5.15696 0
3.84 5.17648 0
3.86 4.89533 0
3.88 5.31351 0
3.9 5.03104 0
3.92 4.84792 0
3.94 4.86416 0
3.96 4.97977 0
3.98 5.29477 0
4 5.10916 0
4.02 5.42296 0
4.04 5.33619 0
4.06 4.94886 0
4.08 5.36098 0
4.1 5.27258 0
4.12 5.18367 0
4.14 5.49427 0
4.16 5.50439 0
4.18 5.31406 0
4.2 5.12331 0
4.22 5.33214 0
4.24 5.24058 0
4.26 5.14866 0
4.28 5.15639 0
4.3 5.2638 0
4.32 5.27092 0
4.34 5.07776 0
4.36 5.08435 0
4.38 5.29073 0
4.4 5.2969 0
4.42 5.20291 0
4.44 5.60876 0
4.46 5.5145 0
4.48 5.12014 0
4.5 5.52572 0
4.52 5.23126 0
4.54 5.13678 0
4.56 5.54231 0
4.58 5.14788 0
4.6 5.35352 0
4.62 5.55925 0
4.64 5.6651 0
4.66 5.17109 0
4.68 5.57725 0
4.7 5.3836 0
4.72 5.39018 0
4.74 5.597 0
4.76 5.70409 0
4.78 5.31148 0
4.8 5.41919 1
4.82 5.22723 1
4.84 5.43564 1
4.86 5.64444 1
4.88 5.75365 1
4.9 5.56329 1
4.92 5.67338 1
4.94 5.48393 1
4.96 5.49498 1
4.98 5.70654 1
5 5.51862 1
5.02 5.73124 1
5.04 5.64442 1
5.06 5.45818 1
5.08 5.37252 1
5.1 5.68747 1
5.12 5.70303 1
5.14 5.51922 1
5.16 5.53604 1
5.18 5.55352 1
5.2 5.57165 1
5.22 5.89044 1
5.24 6.00991 1
5.26 6.03006 1
5.28 5.75088 1
5.3 5.7724 1
5.32 6.09461 1
5.34 6.01751 1
5.36 5.6411 1
5.38 6.06538 1
5.4 5.99036 1
5.42 5.91604 1
5.44 5.94239 1
5.46 5.76944 1
5.48 6.19716 1
5.5 6.02555 1
5.52 5.95462 1
5.54 6.18434 1
5.56 6.31471 1
5.58 6.04572 1
5.6 6.47735 1
5.62 6.40961 1
5.64 6.34247 1
5.66 6.37592 1
5.68 6.10995 1
5.7 6.54454 1
5.72 6.17967 1
5.74 6.51534 1
5.76 6.75151 1
5.78 6.48818 1
5.8 6.62533 1
5.82 6.86292 1
5.84 6.80096 1
5.86 6.4394 1
5.88 6.87823 1
5.9 6.51744 1
5.92 6.55699 1
5.94 6.69686 1
5.96 6.93703 1
5.98 6.77748 1
6 7.21818 1
6.02 6.7591 1
6.04 6.90023 1
6.06 6.94153 1
6.08 6.88297 1
6.1 6.92454 1
6.12 7.06621 1
6.14 7.00795 1
6.16 7.14973 1
6.18 7.39153 1
6.2 7.23332 1
6.22 7.17507 1
6.24 7.41676 1
6.26 7.75837 1
6.28 7.59985 1
6.3 7.3412 1
6.32 7.68238 1
6.34 7.62337 1
6.36 7.56414 1
6.38 7.50466 1
6.4 7.74492 1
6.42 7.98489 1
6.44 8.12454 1
6.46 7.66385 1
6.48 8.0028 1
6.5 7.84137 1
6.52 8.17953 1
6.54 8.11726 1
6.56 8.05454 1
6.58 7.99136 1
6.6 8.32769 1
6.62 8.46351 1
6.64 8.19881 1
6.66 8.43357 1
6.68 8.16777 1
6.7 8.1014 1
6.72 8.53444 1
6.74 8.16688 1
6.76 8.19871 1
6.78 8.52991 1
6.8 8.66048 1
6.82 8.2904 1
6.84 8.61966 1
6.86 8.74826 1
6.88 8.87619 1
6.9 8.90344 1
6.92 8.83001 1
6.94 8.45589 1
6.96 8.98108 1
6.98 9.00558 1
7 8.52938 1
7.02 8.65249 1
7.04 8.77491 1
7.06 8.99664 1
7.08 9.11767 1
7.1 9.13803 1
7.12 9.1577 1
7.14 8.9767 1
7.16 8.89503 1
7.18 8.71271 1
7.2 9.22973 1
7.22 9.24611 1
7.24 9.26186 1
7.26 9.27699 1
7.28 9.09152 1
7.3 9.20545 1
7.32 9.31881 1
7.34 9.3316 1
7.36 9.34385 1
7.38 9.25556 1
7.4 9.06676 1
7.42 8.97746 1
7.44 9.28769 1
7.46 9.19747 1
7.48 9.4068 1
7.5 9.01572 1
7.52 9.12425 1
7.54 9.23241 1
7.56 9.04021 1
7.58 9.4477 1
7.6 9.15488 1
7.62 9.06178 1
7.64 8.96843 1
7.66 9.17485 1
7.68 9.28106 1
7.7 9.4871 1
7.72 9.09299 1
7.74 9.29875 1
7.76 9.10442 1
7.78 9.41 1
7.8 9.11555 1
7.82 9.02107 1
7.84 9.3266 1
7.86 9.03216 1
7.88 9.33778 1
7.9 9.04348 1
7.92 9.5493 1
7.94 9.25526 1
7.96 9.56138 1
7.98 9.26769 1
8 9.47421 1
8.02 9.58098 1
8.04 9.38801 1
8.06 9.29533 1
8.08 9.30296 1
8.1 9.31093 1
8.12 9.41926 1
8.14 9.42797 1
8.16 9.43708 1
8.18 9.34662 1
8.2 9.35661 1
8.22 9.46706 1
8.24 9.37799 1
8.26 9.28943 1
8.28 9.2014 1
8.3 9.7139 1
8.32 9.62695 1
8.34 9.34058 1
8.36 9.45479 1
8.38 9.7696 1
8.4 9.78502 1
8.42 9.40107 1
8.44 9.61775 1
8.46 9.33508 1
8.48 9.55307 1
8.5 9.37171 1
8.52 9.79103 1
8.54 9.91102 1
8.56 9.5317 1
8.58 9.55306 1
8.6 9.57511 1
8.62 9.99786 1
8.64 9.52129 1
8.66 9.94542 1
8.68 9.77025 1
8.7 9.89577 1
8.72 10.022 1
8.74 9.94886 1
8.76 10.0764 1
8.78 9.80468 1
8.8 9.73359 1
8.82 10.1632 1
8.84 10.1934 1
8.86 9.82426 1
8.88 10.3558 1
8.9 10.2879 1
8.92 10.4206 1
8.94 10.3539 1
8.96 9.98782 1
8.98 10.0223 1
9 10.1573 1
9.02 10.3929 1
9.04 10.2289 1
9.06 10.6655 1
9.08 10.6025 1
9.1 10.54 1
9.12 10.5779 1
9.14 10.3163 1
9.16 10.5551 1
9.18 10.7942 1
9.2 10.6337 1
9.22 10.5735 1
9.24 10.9136 1
9.26 10.754 1
9.28 11.0946 1
9.3 11.0355 1
9.32 10.9766 1
9.34 11.0178 1
9.36 11.2592 1
9.38 10.9008 1
9.4 11.0424 1
9.42 11.1841 1
9.44 10.9259 1
9.46 11.0677 1
9.48 11.3095 1
9.5 11.3513 1
9.52 11.393 1
9.54 11.4346 1
9.56 11.6761 1
9.58 11.5175 1
9.6 11.3587 1
9.62 11.3998 1
9.64 11.8406 1
9.66 11.5812 1
9.68 11.8215 1
9.7 11.5615 1
9.72 11.5012 1
9.74 12.0406 1
9.76 11.6797 1
9.78 11.6183 1
9.8 12.0566 1
9.82 11.9944 1
9.84 11.9318 1
9.86 11.7687 1
9.88 11.8051 1
9.9 12.3411 1
9.92 12.0765 1
9.94 12.0114 1
9.96 12.0457 1
9.98 12.4795 1
10 12.3126 1
10.02 12.3452 1
10.04 12.1772 1
10.06 12.2085 1
10.08 12.5392 1
10.1 12.5693 1
10.12 12.5987 1
10.14 12.4275 1
10.16 12.7555 1
10.18 12.4829 1
10.2 12.6097 1
10.22 12.3357 1
10.24 12.661 1
10.26 12.3857 1
10.28 12.7096 1
10.3 12.9329 1
10.32 12.5555 1
10.34 12.5774 1
10.36 12.8986 1
10.38 12.8191 1
10.4 13.0389 1
10.42 12.558 1
10.44 12.9765 1
10.46 13.0943 1
10.48 13.0115 1
10.5 13.028 1
10.52 13.1439 1
10.54 13.0592 1
10.56 13.0739 1
10.58 12.6879 1
10.6 12.9014 1
10.62 13.2143 1
10.64 13.0267 1
10.66 13.0385 1
10.68 12.7498 1
10.7 12.7606 1
10.72 13.271 1
10.74 12.9808 1
10.76 12.7903 1
10.78 13.0993 1
