1.9791 -0.521755 -0.134717 1.08411 0.498944
0 0.5 0
0.02 0.402422 0
0.04 0.205092 0
0.06 0.508038 0
0.08 0.511289 0
0.1 0.214874 0
0.12 0.518819 0
0.14 0.223153 0
0.16 0.627901 0
0.18 0.133089 0
0.2 0.638743 0
0.22 0.244887 0
0.24 0.151545 0
0.26 0.558739 0
0.28 0.666492 0
0.3 0.174825 0
0.32 0.483758 0
0.34 0.393312 0
0.36 0.603503 0
0.38 0.414351 0
0.4 0.32587 0
0.42 0.638078 0
0.44 0.550988 0
0.46 0.564614 0
0.48 0.478968 0
0.5 0.594061 0
0.52 0.509903 0
0.54 0.826503 0
0.56 0.343869 0
0.58 0.462008 0
0.6 0.880924 0
0.62 0.600622 0
0.64 0.621105 0
0.66 0.442375 0
0.68 0.464433 0
0.7 0.587277 0
0.72 0.510906 0
0.74 0.735317 0
0.76 0.560506 0
0.78 0.886467 0
0.8 0.713194 0
0.82 1.14068 0
0.84 1.06891 0
0.86 0.797886 0
0.88 1.02759 0
0.9 0.858004 0
0.92 0.889123 0
0.94 1.22093 0
0.96 1.15341 0
0.98 1.18654 0
1 1.32032 0
1.02 1.15471 0
1.04 0.989701 0
1.06 1.22527 0
1.08 1.0614 0
1.1 1.29807 0
1.12 1.63525 0
1.14 1.37292 0
1.16 1.71106 0
1.18 1.54963 0
1.2 1.48863 0
1.22 1.628 0
1.24 1.86774 0
1.26 1.60781 0
1.28 1.74819 0
1.3 1.78884 0
1.32 1.82974 0
1.34 1.67086 0
1.36 2.11217 0
1.38 1.75363 0
1.4 1.89522 0
1.42 1.73691 0
1.44 1.87867 0
1.46 2.22046 0
1.48 2.36226 0
1.5 2.10403 0
1.52 2.44574 0
1.54 1.98737 0
1.56 2.52888 0
1.58 2.17024 0
1.6 2.51143 0
1.62 2.45241 0
1.64 2.49315 0
1.66 2.43362 0
1.68 2.5738 0
1.7 2.61365 0
1.72 2.75315 0
1.74 2.59228 0
1.76 2.831 0
1.78 2.76929 0
1.8 2.80712 0
1.82 2.54447 0
1.84 2.98131 0
1.86 2.61762 0
1.88 2.85339 0
1.9 2.88858 0
1.92 2.82318 0
1.94 3.15716 0
1.96 2.89051 0
1.98 2.92322 0
2 3.35525 0
2.02 3.2866 0
2.04 3.41726 0
2.06 3.34721 0
2.08 3.17643 0
2.1 3.50491 0
2.12 3.53265 0
2.14 3.05963 0
2.16 3.38586 0
2.18 3.51131 0
2.2 3.23598 0
2.22 3.65987 0
2.24 3.68298 0
2.26 3.40531 0
2.28 3.32684 0
2.3 3.54759 0
2.32 3.26756 0
2.34 3.78674 0
2.36 3.60514 0
2.38 3.72277 0
2.4 3.43962 0
2.42 3.45572 0
2.44 3.57107 0
2.46 3.88567 0
2.48 3.89954 0
2.5 3.61269 0
2.52 3.92513 0
2.54 3.53688 0
2.56 3.44796 0
2.58 3.95837 0
2.6 3.66814 0
2.62 3.87728 0
2.64 3.58581 0
2.66 3.99376 0
2.68 3.50114 0
2.7 3.60798 0
2.72 3.71429 0
2.74 3.82011 0
2.76 3.62545 0
2.78 3.53034 0
2.8 4.03481 0
2.82 3.53889 0
2.84 3.84259 0
2.86 4.04595 0
2.88 3.849 0
2.9 4.05176 0
2.92 3.55426 0
2.94 3.65654 0
2.96 3.75861 0
2.98 3.86052 0
3 3.86229 0
3.02 3.66395 0
3.04 3.76553 0
3.06 4.06707 0
3.08 4.06859 0
3.1 3.77013 0
3.12 3.67171 0
3.14 3.97337 0
3.16 3.87513 0
3.18 3.57704 0
3.2 3.67911 0
3.22 3.88137 0
3.24 3.78387 0
3.26 3.78662 0
3.28 3.78965 0
3.3 3.793 0
3.32 3.9967 0
3.34 3.90076 0
3.36 3.60521 0
3.38 3.91009 0
3.4 3.91542 0
3.42 3.92122 0
3.44 4.02752 0
3.46 3.63434 0
3.48 3.8417 0
3.5 4.14963 0
3.52 3.95814 0
3.54 3.86726 0
3.56 3.67701 0
3.58 3.6874 0
3.6 4.09845 0
3.62 4.01018 0
3.64 3.8226 0
3.66 3.73572 0
3.68 3.74957 0
3.7 3.76415 0
3.72 3.97947 0
3.74 4.29554 0
3.76 4.11237 0
3.78 4.12997 0
3.8 4.34835 0
3.82 4.0675 0
3.84 3.88744 0
3.86 4.40816 0
3.88 4.42967 0
3.9 4.05197 0
3.92 3.97505 0
3.94 4.09892 0
3.96 4.22357 0
3.98 4.449 0
4 4.27519 0
4.02 4.60215 0
4.04 4.22986 0
4.06 4.55832 0
4.08 4.48752 0
4.1 4.61744 0
4.12 4.54807 0
4.14 4.3794 0
4.16 4.71142 0
4.18 4.6441 0
4.2 4.87743 0
4.22 4.61139 0
4.24 4.84597 0
4.26 4.48114 0
4.28 4.61688 0
4.3 4.95318 0
4.32 5.09001 0
4.34 4.72734 0
4.36 5.06516 0
4.38 4.70343 0
4.4 5.24213 0
4.42 4.88124 0
4.44 5.02074 0
4.46 5.16058 0
4.48 5.40075 0
4.5 5.44121 0
4.52 5.18194 0
4.54 5.52291 0
4.56 5.06409 0
4.58 5.50545 0
4.6 5.44695 0
4.62 5.48858 0
4.64 5.33029 0
4.66 5.67206 0
4.68 5.41386 0
4.7 5.85565 0
4.72 5.39741 0
4.74 5.7391 0
4.76 5.88069 0
4.78 5.82216 0
4.8 5.96347 1
4.82 5.9046 1
4.84 5.94551 1
4.86 5.98617 1
4.88 5.82655 1
4.9 6.16664 1
4.92 6.30639 1
4.94 6.24578 1
4.96 5.88478 1
4.98 6.02337 1
5 6.36152 1
5.02 6.29921 1
5.04 6.33641 1
5.06 6.57309 1
5.08 6.10924 1
5.1 6.34483 1
5.12 6.57985 1
5.14 6.51426 1
5.16 6.74805 1
5.18 6.58121 1
5.2 6.81371 1
5.22 6.54554 1
5.24 6.37668 1
5.26 6.50712 1
5.28 6.83685 1
5.3 6.96584 1
5.32 6.8941 1
5.34 6.82161 1
5.36 6.74837 1
5.38 6.77435 1
5.4 6.59957 1
5.42 7.124 1
5.44 6.94766 1
5.46 6.97053 1
5.48 6.89261 1
5.5 6.91391 1
5.52 6.73442 1
5.54 7.25414 1
5.56 6.87309 1
5.58 7.19125 1
5.6 6.90864 1
5.62 7.12527 1
5.64 6.94114 1
5.66 7.25625 1
5.68 6.87063 1
5.7 7.38428 1
5.72 7.29722 1
5.74 7.40945 1
5.76 6.92099 1
5.78 7.03186 1
5.8 7.14207 1
5.82 6.95165 1
5.84 7.2606 1
5.86 6.96895 1
5.88 7.07673 1
5.9 7.48394 1
5.92 7.49061 1
5.94 7.29677 1
5.96 7.20244 1
5.98 7.00765 1
6 7.51241 1
6.02 7.21676 1
6.04 7.32071 1
6.06 7.02431 1
6.08 7.42757 1
6.1 7.53053 1
6.12 7.23321 1
6.14 7.23564 1
6.16 7.43785 1
6.18 7.13987 1
6.2 7.04173 1
6.22 7.54346 1
6.24 7.3451 1
6.26 7.14667 1
6.28 7.14819 1
6.3 7.34972 1
6.32 7.05126 1
6.34 7.35287 1
6.36 7.05455 1
6.38 7.55636 1
6.4 7.45831 1
6.42 7.26043 1
6.44 7.56277 1
6.46 7.56534 1
6.48 7.26817 1
6.5 7.4713 1
6.52 7.57475 1
6.54 7.07855 1
6.56 7.18273 1
6.58 7.58732 1
6.6 7.49233 1
6.62 7.4978 1
6.64 7.10375 1
6.66 7.2102 1
6.68 7.51718 1
6.7 7.52472 1
6.72 7.53282 1
6.74 7.54152 1
6.76 7.55082 1
6.78 7.16077 1
6.8 7.57135 1
6.82 7.58261 1
6.84 7.59455 1
6.86 7.70718 1
6.88 7.52053 1
6.9 7.73459 1
6.92 7.4494 1
6.94 7.36495 1
6.96 7.38125 1
6.98 7.59831 1
7 7.31615 1
7.02 7.63476 1
7.04 7.65416 1
7.06 7.67433 1
7.08 7.69529 1
7.1 7.81704 1
7.12 7.53958 1
7.14 7.4629 1
7.16 7.88701 1
7.18 7.7119 1
7.2 8.03756 1
7.22 7.56398 1
7.24 7.99117 1
7.26 8.11912 1
7.28 7.7478 1
7.3 7.67722 1
7.32 7.80736 1
7.34 8.03821 1
7.36 8.26975 1
7.38 8.30196 1
7.4 8.13484 1
7.42 7.96837 1
7.44 8.00252 1
7.46 8.03728 1
7.48 7.97263 1
7.5 8.40855 1
7.52 8.54501 1
7.54 8.08199 1
7.56 8.51947 1
7.58 8.55743 1
7.6 8.29584 1
7.62 8.63467 1
7.64 8.3739 1
7.66 8.8135 1
7.68 8.55344 1
7.7 8.59371 1
7.72 8.73425 1
7.74 8.57506 1
7.76 8.5161 1
7.78 9.05733 1
7.8 8.79874 1
7.82 9.04028 1
7.84 9.18194 1
7.86 8.72367 1
7.88 8.86545 1
7.9 9.20725 1
7.92 8.94904 1
7.94 9.19078 1
7.96 9.03244 1
7.98 9.37401 1
8 9.01543 1
8.02 9.45669 1
8.04 9.59775 1
8.06 9.13858 1
8.08 9.57917 1
8.1 9.51946 1
8.12 9.45945 1
8.14 9.39909 1
8.16 9.63837 1
8.18 9.37725 1
8.2 9.9157 1
8.22 9.95372 1
8.24 9.99126 1
8.26 9.9283 1
8.28 9.76483 1
8.3 10.1008 1
8.32 10.1362 1
8.34 10.1711 1
8.36 9.70528 1
8.38 10.2389 1
8.4 10.1718 1
8.42 10.0041 1
8.44 10.1358 1
8.46 9.96669 1
8.48 10.1969 1
8.5 10.2264 1
8.52 10.4552 1
8.54 10.1832 1
8.56 10.4105 1
8.58 10.437 1
8.6 10.0628 1
8.62 10.4878 1
8.64 10.312 1
8.66 10.4354 1
8.68 10.358 1
8.7 10.5798 1
8.72 10.2009 1
8.74 10.7212 1
8.76 10.7407 1
8.78 10.3594 1
8.8 10.7773 1
8.82 10.4944 1
8.84 10.7108 1
8.86 10.5265 1
8.88 10.4414 1
8.9 10.3555 1
8.92 10.869 1
8.94 10.7817 1
8.96 10.6937 1
8.98 10.405 1
9 10.7157 1
9.02 10.9257 1
9.04 10.4351 1
9.06 10.9439 1
9.08 10.452 1
9.1 10.5596 1
9.12 10.6667 1
9.14 10.9732 1
9.16 10.7792 1
9.18 10.4847 1
9.2 10.7898 1
9.22 10.5944 1
9.24 10.6987 1
9.26 10.9025 1
9.28 10.706 1
9.3 11.0092 1
9.32 10.512 1
9.34 10.5146 1
9.36 10.717 1
9.38 10.9191 1
9.4 10.7211 1
9.42 11.0229 1
9.44 10.5246 1
9.46 10.5262 1
9.48 10.7278 1
9.5 11.0293 1
9.52 11.0308 1
9.54 11.0324 1
9.56 10.834 1
9.58 10.7357 1
9.6 11.0376 1
9.62 11.0396 1
9.64 10.7418 1
9.66 10.9442 1
9.68 10.7468 1
9.7 10.7498 1
9.72 11.053 1
9.74 10.9565 1
9.76 10.5604 1
9.78 10.6647 1
9.8 10.7695 1
9.82 10.6746 1
9.84 10.5802 1
9.86 10.9863 1
9.88 10.8929 1
9.9 10.9001 1
9.92 10.7078 1
9.94 11.0161 1
9.96 10.7249 1
9.98 10.9344 1
10 10.6446 1
10.02 10.9554 1
10.04 10.7668 1
10.06 11.079 1
10.08 10.8918 1
10.1 11.0054 1
10.12 11.1197 1
10.14 10.8347 1
10.16 10.9505 1
10.18 11.267 1
10.2 10.8843 1
10.22 10.8024 1
10.24 11.0212 1
10.26 11.1409 1
10.28 11.0613 1
10.3 11.2825 1
10.32 11.3045 1
10.34 11.0273 1
10.36 11.1508 1
10.38 11.3752 1
10.4 11.0003 1
10.42 11.2262 1
10.44 11.3528 1
10.46 11.5803 1
10.48 11.2084 1
10.5 11.6373 1
10.52 11.167 1
10.54 11.1973 1
10.56 11.5284 1
10.58 11.3602 1
10.6 11.4926 1
10.62 11.4257 1
10.64 11.6594 1
10.66 11.6937 1
10.68 11.9287 1
10.7 11.9642 1
10.72 11.9003 1
10.74 11.6369 1
10.76 11.974 1
10.78 12.0117 1
