1.884 -4.15976 1.91142 9.5981 -1.81163
0 0.1 0
0.02 0.125399 0
0.04 0.150023 0
0.06 0.273867 0
0.08 0.196929 0
0.1 0.219206 0
0.12 0.240698 0
0.14 0.261407 0
0.16 0.381333 0
0.18 0.300481 0
0.2 0.318855 0
0.22 0.43646 0
0.24 0.453303 0
0.26 0.369393 0
0.28 0.484739 0
0.3 0.399351 0
0.32 0.413241 0
0.34 0.526422 0
0.36 0.538907 0
0.38 0.550711 0
0.4 0.561851 1
0.42 0.572343 1
0.44 0.482206 1
0.46 0.591459 1
0.48 0.500121 1
0.5 0.608214 1
0.52 0.615759 1
0.54 0.52278 1
0.56 0.629299 1
0.58 0.635341 1
0.6 0.540931 1
0.62 0.646096 1
0.64 0.65086 1
0.66 0.655252 1
0.68 0.659299 1
0.7 0.66303 1
0.72 0.666472 1
0.74 0.669656 1
0.76 0.57261 1
0.78 0.675365 1
0.8 0.67795 1
0.82 0.580398 1
0.84 0.582737 1
0.86 0.684999 1
0.88 0.587215 1
0.9 0.689417 1
0.92 0.691634 1
0.94 0.593899 1
0.96 0.696242 1
0.98 0.598694 1
1 0.701286 1
1.02 0.604048 1
1.04 0.707011 1
1.06 0.710205 1
1.08 0.713659 1
1.1 0.617401 1
1.12 0.621462 1
1.14 0.625868 1
1.16 0.630649 1
1.18 0.63583 1
1.2 0.741438 1
1.22 0.747499 1
1.24 0.754038 1
1.26 0.66108 1
1.28 0.668647 1
1.3 0.676763 1
1.32 0.685448 1
1.34 0.794725 1
1.36 0.804614 1
1.38 0.715132 1
