1.884 -0.38474 0.373094 1.26187 -0.210669
0 0.2 0
0.02 0.111479 0
0.04 0.222464 0
0.06 0.132974 0
0.08 0.243029 0
0.1 0.252649 0
0.12 0.261855 0
0.14 0.270668 0
0.16 0.279112 0
0.18 0.187208 0
0.2 0.194981 0
0.22 0.202453 0
0.24 0.209649 0
0.26 0.216594 0
0.28 0.223313 0
0.3 0.329831 0
0.32 0.236174 0
0.34 0.342367 0
0.36 0.348437 0
0.38 0.25441 0
0.4 0.260313 0
0.42 0.366172 0
0.44 0.272013 0
0.46 0.277864 0
0.48 0.383751 0
0.5 0.3897 0
0.52 0.295738 0
0.54 0.401892 0
0.56 0.308187 0
0.58 0.31465 0
0.6 0.321306 0
0.62 0.428181 0
0.64 0.335299 0
0.66 0.442686 0
0.68 0.350366 0
0.7 0.458363 0
0.72 0.3667 0
0.74 0.475401 0
0.76 0.484487 0
0.78 0.39398 0
0.8 0.403903 0
0.82 0.514274 0
0.84 0.425115 0
0.86 0.436444 0
0.88 0.448281 0
0.9 0.560642 0
0.92 0.573545 0
0.94 0.487005 0
0.96 0.501039 0
0.98 0.515661 0
1 0.530884 0
1.02 0.546722 0
1.04 0.563185 0
1.06 0.580285 0
1.08 0.598032 0
1.1 0.716435 0
1.12 0.735502 0
1.14 0.755239 0
1.16 0.675654 0
1.18 0.796751 0
1.2 0.818533 1
1.22 0.841005 1
1.24 0.764168 1
1.26 0.788023 1
1.28 0.81257 1
1.3 0.837808 1
1.32 0.963734 1
1.34 0.990346 1
1.36 0.91764 1
1.38 0.94561 1
1.4 1.07425 1
1.42 1.00355 1
1.44 1.03351 1
1.46 1.16412 1
1.48 1.09536 1
1.5 1.12722 1
1.52 1.1597 1
1.54 1.29278 1
1.56 1.22644 1
1.58 1.26068 1
1.6 1.29547 1
1.62 1.3308 1
1.64 1.46666 1
1.66 1.40302 1
1.68 1.43987 1
1.7 1.57718 1
1.72 1.61494 1
1.74 1.65313 1
1.76 1.59173 1
1.78 1.7307 1
1.8 1.67004 1
1.82 1.70972 1
1.84 1.74971 1
1.86 1.78999 1
1.88 1.83054 1
1.9 1.97133 1
1.92 2.01233 1
1.94 2.05353 1
1.96 1.99489 1
1.98 2.13639 1
2 2.078 1
2.02 2.2197 1
2.04 2.26145 1
2.06 2.20324 1
2.08 2.24504 1
2.1 2.38682 1
2.12 2.32855 1
2.14 2.47021 1
2.16 2.41177 1
2.18 2.4532 1
