1.884 -0.478612 0.0860927 1.22194 0.0482902
0 0.1 0
0.02 0.205382 0
0.04 0.210666 0
0.06 0.11588 0
0.08 0.121054 0
0.1 0.126215 0
0.12 0.131393 0
0.14 0.136615 0
0.16 0.241911 0
0.18 0.147309 0
0.2 0.252837 0
0.22 0.158523 0
0.24 0.264396 0
0.26 0.270482 0
0.28 0.276808 0
0.3 0.283402 0
0.32 0.29029 0
0.34 0.197498 0
0.36 0.205052 0
0.38 0.212975 0
0.4 0.321293 0
0.42 0.23003 0
0.44 0.239207 0
0.46 0.248849 0
0.48 0.358975 0
0.5 0.269608 0
0.52 0.380767 0
0.54 0.292471 0
0.56 0.40474 0
0.58 0.31759 0
0.6 0.331038 0
0.62 0.445099 0
0.64 0.459789 0
0.66 0.375122 0
0.68 0.491109 0
0.7 0.507763 0
0.72 0.425094 0
0.74 0.543112 0
0.76 0.461826 0
0.78 0.581242 0
0.8 0.601368 0
0.82 0.622208 0
0.84 0.543767 0
0.86 0.666048 0
0.88 0.589052 0
0.9 0.71278 0
0.92 0.637233 0
0.94 0.762407 0
0.96 0.788302 0
0.98 0.714912 0
1 0.742233 0
1.02 0.77026 0
1.04 0.798984 0
1.06 0.828398 0
1.08 0.958492 0
1.1 0.989257 0
1.12 1.02068 0
1.14 0.95275 0
1.16 1.08545 0
1.18 1.01877 0
1.2 1.0527 0
1.22 1.08721 0
1.24 1.22229 0
1.26 1.25792 0
1.28 1.19408 0
1.3 1.23076 0
1.32 1.26793 0
1.34 1.30557 0
1.36 1.44366 0
1.38 1.38217 0
1.4 1.42108 0
1.42 1.46038 0
1.44 1.50002 0
1.46 1.54 0
1.48 1.68027 0
1.5 1.62083 0
1.52 1.76163 0
1.54 1.80265 0
1.56 1.74387 0
1.58 1.78525 0
1.6 1.82678 1
1.62 1.86841 1
1.64 2.01013 1
1.66 1.9519 1
1.68 1.9937 1
1.7 2.03549 1
1.72 2.07725 1
1.74 2.21896 1
1.76 2.16057 1
1.78 2.30206 1
1.8 2.34341 1
1.82 2.28459 1
1.84 2.42556 1
1.86 2.36631 1
1.88 2.5068 1
1.9 2.54701 1
1.92 2.48691 1
1.94 2.62647 1
1.96 2.56568 1
1.98 2.7045 1
2 2.64292 1
2.02 2.68091 1
2.04 2.71844 1
2.06 2.75549 1
2.08 2.79205 1
2.1 2.92809 1
2.12 2.8636 1
2.14 2.99855 1
2.16 3.03293 1
2.18 2.96671 1
2.2 3.09989 1
2.22 3.13245 1
2.24 3.06437 1
2.26 3.09564 1
2.28 3.22625 1
2.3 3.25618 1
2.32 3.18544 1
2.34 3.314 1
2.36 3.24187 1
2.38 3.26902 1
2.4 3.39547 1
2.42 3.32119 1
2.44 3.3462 1
2.46 3.37048 1
2.48 3.39404 1
2.5 3.51688 1
2.52 3.43899 1
2.54 3.56039 1
2.56 3.58106 1
2.58 3.50102 1
