1.884 0.399974 0.0393371 1.48476 0.176931
0 0.4 0
0.01 0.119801 0
0.02 0.239683 0
0.03 0.259644 0
0.04 0.279679 0
0.05 0.399787 0
0.06 0.319964 0
0.07 0.240207 0
0.08 0.460514 0
0.09 0.28088 0
0.1 0.601304 0
0.11 0.521781 0
0.12 0.342309 0
0.13 0.562884 0
0.14 0.483504 0
0.15 0.704165 0
0.16 0.524864 0
0.17 0.545597 0
0.18 0.566362 0
0.19 0.487155 0
0.2 0.507973 0
0.21 0.628812 0
0.22 0.84967 0
0.23 0.870543 0
0.24 0.591427 0
0.25 0.91232 0
0.26 0.833218 0
0.27 0.854118 0
0.28 0.975017 0
0.29 0.99591 0
0.3 0.916795 0
0.31 0.937669 0
0.32 0.758529 0
0.33 1.07937 0
0.34 0.80019 0
0.35 0.920985 0
0.36 0.941752 0
0.37 0.962488 0
0.38 1.08319 0
0.39 0.903854 0
0.4 1.12448 0
0.41 1.04506 0
0.42 1.16559 0
0.43 1.18607 0
0.44 1.3065 0
0.45 1.32687 0
0.46 1.14718 0
0.47 1.06743 0
0.48 1.08761 0
0.49 1.30773 0
0.5 1.12777 0
0.51 1.14774 0
0.52 1.16763 0
0.53 1.18743 0
0.54 1.50716 0
0.55 1.2268 0
0.56 1.54634 0
0.57 1.3658 0
0.58 1.48516 0
0.59 1.60442 0
0.6 1.42359 0
0.61 1.34265 0
0.62 1.4616 0
0.63 1.48045 0
0.64 1.69918 0
0.65 1.51781 0
0.66 1.63631 0
0.67 1.4547 0
0.68 1.77297 0
0.69 1.49112 0
0.7 1.50914 0
0.71 1.62703 0
0.72 1.6448 0
0.73 1.76243 0
0.74 1.87993 0
0.75 1.59729 0
0.76 1.71452 0
0.77 1.63161 0
0.78 1.64855 0
0.79 1.76536 0
0.8 1.98201 1
0.81 1.79853 1
0.82 1.91489 1
0.83 2.03111 1
0.84 1.84717 1
0.85 1.86308 1
0.86 2.07884 1
0.87 1.79444 1
0.88 2.10989 1
0.89 1.92517 1
0.9 2.1403 1
0.91 1.85527 1
0.92 1.97008 1
0.93 1.98473 1
0.94 1.99921 1
0.95 1.91353 1
0.96 2.12768 1
0.97 2.24167 1
0.98 1.95549 1
0.99 2.06915 1
1 1.98264 1
1.01 2.09596 1
1.02 2.20912 1
1.03 2.12211 1
1.04 2.33492 1
1.05 2.14757 1
1.06 2.26005 1
1.07 2.17236 1
1.08 2.28451 1
1.09 2.29648 1
1.1 2.30828 1
1.11 2.21992 1
1.12 2.43139 1
1.13 2.14269 1
1.14 2.15382 1
1.15 2.16478 1
1.16 2.37558 1
1.17 2.48621 1
1.18 2.29668 1
1.19 2.30698 1
1.2 2.21712 1
1.21 2.2271 1
1.22 2.33691 1
1.23 2.34656 1
1.24 2.35605 1
1.25 2.46538 1
1.26 2.37455 1
1.27 2.28357 1
1.28 2.39243 1
1.29 2.40113 1
