1.884 1.40251 -0.14877 -0.576783 0.348731
0 0.1 0
0.01 0.219574 0
0.02 0.439055 0
0.03 0.25844 0
0.04 0.177726 0
0.05 0.19691 0
0.06 0.21599 0
0.07 0.534963 0
0.08 0.253826 0
0.09 0.472577 0
0.1 0.391213 0
0.11 0.309731 0
0.12 0.32813 0
0.13 0.546405 0
0.14 0.664556 0
0.15 0.58258 0
0.16 0.700474 0
0.17 0.518237 0
0.18 0.435865 0
0.19 0.753358 0
0.2 0.470712 0
0.21 0.787925 0
0.22 0.604997 0
0.23 0.621924 0
0.24 0.638705 0
0.25 0.655338 0
0.26 0.871822 0
0.27 0.588154 0
0.28 0.904333 0
0.29 0.820358 0
0.3 0.936226 0
0.31 0.651937 0
0.32 0.967488 0
0.33 0.88288 0
0.34 0.798109 0
0.35 1.01318 0
0.36 0.928079 0
0.37 0.942816 0
0.38 0.957388 0
0.39 0.971792 0
0.4 0.786029 0
0.41 0.800096 0
0.42 1.01399 0
0.43 0.827722 0
0.44 1.04128 0
0.45 0.954664 0
0.46 1.06788 0
0.47 0.980918 0
0.48 1.09379 0
0.49 1.10648 0
0.5 0.919003 0
0.51 1.13135 0
0.52 1.04353 0
0.53 1.15553 0
0.54 1.26735 0
0.55 1.17901 0
0.56 1.29049 0
0.57 1.3018 0
0.58 1.31293 0
0.59 1.32389 0
0.6 1.13468 0
0.61 1.2453 0
0.62 1.35575 0
0.63 1.06603 0
0.64 1.07614 0
0.65 1.08608 0
0.66 1.39585 0
0.67 1.40545 0
0.68 1.31489 0
0.69 1.32417 0
0.7 1.23328 0
0.71 1.34222 0
0.72 1.35101 0
0.73 1.15964 0
0.74 1.3681 0
0.75 1.17641 0
0.76 1.28457 0
0.77 1.19256 0
0.78 1.30041 0
0.79 1.20811 0
0.8 1.41565 1
0.81 1.32305 1
0.82 1.4303 1
0.83 1.53741 1
0.84 1.54438 1
0.85 1.4512 1
0.86 1.45789 1
0.87 1.56444 1
0.88 1.37086 1
0.89 1.37715 1
0.9 1.48331 1
0.91 1.48934 1
0.92 1.59525 1
0.93 1.40103 1
0.94 1.50669 1
0.95 1.61224 1
0.96 1.41768 1
0.97 1.423 1
0.98 1.52821 1
0.99 1.33331 1
1 1.63831 1
1.01 1.34321 1
1.02 1.54802 1
1.03 1.45272 1
1.04 1.35733 1
1.05 1.46186 1
1.06 1.46629 1
1.07 1.47065 1
1.08 1.47492 1
1.09 1.57911 1
1.1 1.48323 1
1.11 1.38728 1
1.12 1.39126 1
1.13 1.39517 1
1.14 1.69903 1
1.15 1.70282 1
1.16 1.60656 1
1.17 1.51024 1
1.18 1.61388 1
1.19 1.71747 1
1.2 1.62101 1
1.21 1.42452 1
1.22 1.52799 1
1.23 1.53143 1
1.24 1.53485 1
1.25 1.73823 1
1.26 1.54159 1
1.27 1.74494 1
1.28 1.44826 1
1.29 1.75158 1
1.3 1.75489 1
1.31 1.45819 1
1.32 1.76149 1
1.33 1.56479 1
1.34 1.5681 1
1.35 1.77141 1
1.36 1.67474 1
1.37 1.77808 1
1.38 1.58144 1
1.39 1.48483 1
1.4 1.58824 1
1.41 1.69167 1
1.42 1.49514 1
1.43 1.59865 1
1.44 1.70219 1
1.45 1.80578 1
1.46 1.60941 1
1.47 1.51309 1
1.48 1.61682 1
1.49 1.82061 1
1.5 1.82446 1
1.51 1.82836 1
1.52 1.53234 1
1.53 1.53638 1
1.54 1.64049 1
1.55 1.64468 1
1.56 1.84894 1
1.57 1.75329 1
1.58 1.55772 1
1.59 1.56224 1
1.6 1.66684 1
1.61 1.87154 1
1.62 1.57633 1
1.63 1.68122 1
1.64 1.68621 1
1.65 1.69131 1
1.66 1.59651 1
1.67 1.90182 1
1.68 1.60725 1
1.69 1.71278 1
1.7 1.91844 1
1.71 1.82421 1
1.72 1.63011 1
1.73 1.93613 1
1.74 1.94228 1
1.75 1.84855 1
1.76 1.95496 1
1.77 1.6615 1
1.78 1.96818 1
1.79 1.67499 1
1.8 1.68194 1
1.81 1.88904 1
1.82 1.99628 1
1.83 1.70366 1
1.84 2.0112 1
1.85 1.71888 1
1.86 1.82671 1
1.87 1.9347 1
1.88 1.94284 1
1.89 1.95113 1
1.9 1.95959 1
1.91 1.7682 1
1.92 1.87697 1
1.93 1.9859 1
1.94 1.895 1
1.95 2.00426 1
1.96 1.81368 1
1.97 1.92327 1
1.98 2.03303 1
1.99 1.84296 1
2 2.15305 1
2.01 1.96331 1
2.02 2.07375 1
2.03 2.18435 1
2.04 1.99512 1
2.05 2.10607 1
2.06 2.01719 1
2.07 1.92848 1
2.08 2.13995 1
2.09 1.95159 1
2.1 1.9634 1
2.11 2.17539 1
2.12 2.28754 1
2.13 2.29988 1
2.14 2.21238 1
2.15 2.22506 1
2.16 2.03792 1
2.17 2.05094 1
2.18 2.06414 1
2.19 2.27751 1
2.2 2.29105 1
2.21 2.40477 1
2.22 2.31865 1
2.23 2.4327 1
2.24 2.24692 1
2.25 2.46131 1
2.26 2.37587 1
2.27 2.29059 1
2.28 2.30548 1
2.29 2.22053 1
2.3 2.43575 1
2.31 2.25113 1
2.32 2.36666 1
2.33 2.28236 1
2.34 2.59821 1
2.35 2.51423 1
2.36 2.53039 1
2.37 2.34671 1
2.38 2.56318 1
2.39 2.4798 1
