1.92 -0.158212 -0.413029 1.28259 0.588201
0 0.4 0
0.01 0.209088 0
0.02 0.218324 0
0.03 0.127709 0
0.04 0.237244 0
0.05 0.346931 0
0.06 0.15677 0
0.07 0.166763 0
0.08 0.17691 0
0.09 0.187213 0
0.1 0.297672 0
0.11 0.408289 0
0.12 0.519063 0
0.13 0.529996 0
0.14 0.341088 0
0.15 0.25234 0
0.16 0.263753 0
0.17 0.375326 0
0.18 0.38706 0
0.19 0.298956 0
0.2 0.311014 0
0.21 0.523233 0
0.22 0.335615 0
0.23 0.648159 0
0.24 0.360865 0
0.25 0.673733 0
0.26 0.386763 0
0.27 0.499955 0
0.28 0.513309 0
0.29 0.526824 0
0.3 0.440501 0
0.31 0.454337 0
0.32 0.668334 0
0.33 0.582491 0
0.34 0.496806 0
0.35 0.81128 0
0.36 0.525912 0
0.37 0.5407 0
0.38 0.555644 0
0.39 0.570744 0
0.4 0.685997 0
0.41 0.701404 0
0.42 0.916963 0
0.43 0.632672 0
0.44 0.648532 0
0.45 0.664539 0
0.46 0.680695 0
0.47 0.696995 0
0.48 0.813441 0
0.49 0.830029 0
0.5 0.746759 0
0.51 0.863628 0
0.52 1.08064 0
0.53 0.797781 0
0.54 0.81506 0
0.55 0.832472 0
0.56 0.850015 0
0.57 0.867688 0
0.58 0.985488 0
0.59 1.00341 0
0.6 1.02146 0
0.61 1.13963 0
0.62 1.05792 0
0.63 0.976327 0
0.64 1.29485 0
0.65 1.21348 0
0.66 1.33222 0
0.67 1.35108 0
0.68 1.27003 0
0.69 1.38909 0
0.7 1.10825 0
0.71 1.42751 0
0.72 1.14686 0
0.73 1.46631 0
0.74 1.48585 0
0.75 1.20547 0
0.76 1.52518 0
0.77 1.54497 0
0.78 1.36485 0
0.79 1.28479 0
0.8 1.40482 0
0.81 1.42491 0
0.82 1.54507 0
0.83 1.3653 0
0.84 1.58559 0
0.85 1.60594 0
0.86 1.42634 0
0.87 1.6468 0
0.88 1.76731 0
0.89 1.68787 0
0.9 1.80847 0
0.91 1.52912 0
0.92 1.5498 0
0.93 1.57052 0
0.94 1.59127 0
0.95 1.91204 0
0.96 1.83285 0
0.97 1.65368 0
0.98 1.97452 0
0.99 1.79539 0
1 2.01627 0
1.01 2.03715 0
1.02 1.75805 0
1.03 1.77895 0
1.04 1.99985 0
1.05 1.82075 0
1.06 1.84164 0
1.07 1.96252 0
1.08 2.18339 0
1.09 2.00425 0
1.1 2.02509 0
1.11 1.9459 0
1.12 2.2667 0
1.13 2.28746 0
1.14 2.10819 0
1.15 2.1289 0
1.16 2.24956 0
1.17 2.17018 0
1.18 2.39076 0
1.19 2.2113 0
1.2 2.43178 0
1.21 2.35222 0
1.22 2.2726 0
1.23 2.49292 0
1.24 2.41318 0
1.25 2.43337 0
1.26 2.5535 0
1.27 2.37356 0
1.28 2.49355 0
1.29 2.51346 0
1.3 2.53329 0
1.31 2.45304 0
1.32 2.47271 0
1.33 2.59229 0
1.34 2.51179 0
1.35 2.73119 0
1.36 2.6505 0
1.37 2.66971 0
1.38 2.48882 0
1.39 2.70783 0
1.4 2.82673 0
1.41 2.64553 0
1.42 2.76422 0
1.43 2.7828 0
1.44 2.70126 0
1.45 2.91961 0
1.46 2.93784 0
1.47 2.95596 0
1.48 2.77394 0
1.49 2.89181 0
1.5 2.70955 0
1.51 2.72716 0
1.52 2.74464 0
1.53 2.86198 0
1.54 2.7792 0
1.55 3.09627 0
1.56 3.11321 0
1.57 3.13002 0
1.58 2.84668 0
1.59 2.9632 0
1.6 2.97957 0
1.61 3.0958 0
1.62 3.21188 0
1.63 3.12782 0
1.64 2.94361 0
1.65 2.95924 0
1.66 3.07473 0
1.67 3.29006 0
1.68 3.20524 0
1.69 3.12026 0
1.7 3.13513 0
1.71 3.24984 0
1.72 3.26439 0
1.73 3.37879 0
1.74 3.09303 0
1.75 3.40711 0
1.76 3.42103 0
1.77 3.13478 0
1.78 3.34838 0
1.79 3.16182 0
1.8 3.37509 0
1.81 3.38821 0
1.82 3.20116 0
1.83 3.51395 0
1.84 3.22657 0
1.85 3.23904 0
1.86 3.45134 0
1.87 3.56348 0
1.88 3.57546 0
1.89 3.48728 0
1.9 3.39893 0
1.91 3.31043 0
1.92 3.32176 0
1.93 3.33293 0
1.94 3.54395 0
1.95 3.3548 0
1.96 3.3655 0
1.97 3.67604 0
1.98 3.68642 0
1.99 3.69665 0
2 3.40672 0
2.01 3.41664 0
2.02 3.5264 0
2.03 3.73602 0
2.04 3.44548 0
2.05 3.55479 0
2.06 3.66395 0
2.07 3.77297 0
2.08 3.58184 0
2.09 3.59057 0
2.1 3.79915 0
2.11 3.50759 0
2.12 3.81589 0
2.13 3.82406 0
2.14 3.83209 0
2.15 3.83998 0
2.16 3.54774 0
2.17 3.65537 0
2.18 3.86287 0
2.19 3.87024 0
2.2 3.87749 0
2.21 3.58461 0
2.22 3.59162 0
2.23 3.8985 0
2.24 3.60527 0
2.25 3.81192 0
2.26 3.91846 0
2.27 3.62489 0
2.28 3.83121 0
2.29 3.93743 0
2.3 3.94355 0
2.31 3.84956 0
2.32 3.95548 0
2.33 3.6613 0
2.34 3.76702 0
2.35 3.97266 0
2.36 3.87821 0
2.37 3.68368 0
2.38 3.88906 0
2.39 3.99436 0
2.4 3.79959 0
2.41 3.80475 0
2.42 4.00983 0
2.43 3.71484 0
2.44 3.81979 0
2.45 3.92468 0
2.46 3.72951 0
2.47 3.83428 0
2.48 4.03899 0
2.49 4.04366 0
2.5 3.74828 0
2.51 3.95286 0
2.52 4.05739 0
2.53 3.76189 0
2.54 3.86635 0
2.55 4.07078 0
2.56 4.07518 0
2.57 3.87955 0
2.58 4.0839 0
2.59 3.88823 0
2.6 3.79255 0
2.61 4.09685 0
2.62 4.10114 0
2.63 4.10543 0
2.64 4.10971 0
2.65 3.91399 0
2.66 4.11827 0
2.67 3.92256 0
2.68 3.92686 0
2.69 3.93116 0
2.7 3.93549 0
2.71 4.03983 0
2.72 4.1442 0
2.73 3.84859 0
2.74 4.053 0
2.75 3.85745 0
2.76 4.16193 0
2.77 4.06645 0
2.78 3.97101 0
2.79 4.07561 0
2.8 3.98026 0
2.81 3.98496 0
2.82 3.98971 0
2.83 3.89451 0
2.84 4.09937 0
2.85 4.1043 0
2.86 4.20929 0
2.87 4.01434 0
2.88 4.21947 0
2.89 4.22466 0
2.9 4.12994 0
2.91 4.23529 0
2.92 4.14072 0
2.93 4.04624 0
2.94 4.25184 0
2.95 4.05753 0
2.96 4.16332 0
2.97 4.16919 0
2.98 4.27517 0
2.99 4.28124 0
3 4.28742 0
3.01 3.9937 0
3.02 4.10009 0
3.03 4.20658 0
3.04 4.01319 0
3.05 4.01991 0
3.06 4.22675 0
3.07 4.33371 0
3.08 4.24078 0
3.09 4.34798 0
3.1 4.2553 0
3.11 4.06275 0
3.12 4.17033 0
3.13 4.37804 0
3.14 4.08588 0
3.15 4.39385 0
3.16 4.20196 0
3.17 4.11021 0
3.18 4.1186 0
3.19 4.22713 0
3.2 4.4358 0
3.21 4.34461 0
3.22 4.15357 0
3.23 4.26267 0
3.24 4.47193 0
3.25 4.48133 0
3.26 4.39088 0
3.27 4.40059 0
3.28 4.31044 0
3.29 4.32045 0
3.3 4.33062 0
3.31 4.34094 0
3.32 4.35142 0
3.33 4.56205 0
3.34 4.57284 0
3.35 4.48379 0
3.36 4.59491 0
3.37 4.50618 0
3.38 4.41761 0
3.39 4.4292 0
3.4 4.44095 0
3.41 4.65287 0
3.42 4.46494 0
3.43 4.57718 0
3.44 4.58958 0
3.45 4.60214 0
3.46 4.51487 0
3.47 4.42776 0
3.48 4.6408 0
3.49 4.55402 0
3.5 4.56739 0
3.51 4.58092 0
3.52 4.79462 0
3.53 4.60847 0
3.54 4.72249 0
3.55 4.83666 0
3.56 4.651 0
3.57 4.56549 0
3.58 4.68014 0
3.59 4.79494 0
3.6 4.80991 0
3.61 4.82502 0
3.62 4.94029 0
3.63 4.95572 0
3.64 4.7713 0
3.65 4.98702 0
3.66 4.8029 0
3.67 4.71892 0
3.68 4.8351 0
3.69 5.05141 0
3.7 4.96788 0
3.71 4.98448 0
3.72 5.00123 0
3.73 5.11811 0
3.74 4.93514 0
3.75 4.9523 0
3.76 4.96959 0
3.77 5.08702 0
3.78 5.00458 0
3.79 5.22226 0
3.8 4.94008 0
3.81 5.15802 0
3.82 4.97608 0
3.83 5.29426 0
3.84 5.31257 0
3.85 5.23099 0
3.86 5.24952 0
3.87 5.06817 0
3.88 5.38692 0
3.89 5.40579 0
3.9 5.42475 0
3.91 5.24383 0
3.92 5.363 0
3.93 5.38227 0
3.94 5.20163 0
3.95 5.52109 0
3.96 5.34064 0
3.97 5.46027 0
3.98 5.27999 0
3.99 5.49979 0
4 5.41967 1
4.01 5.53963 1
4.02 5.45966 1
4.03 5.67976 1
4.04 5.49993 1
4.05 5.62017 1
4.06 5.44046 1
4.07 5.76082 1
4.08 5.48123 1
4.09 5.6017 1
4.1 5.72221 1
4.11 5.54277 1
4.12 5.86338 1
4.13 5.88403 1
4.14 5.60472 1
4.15 5.92544 1
4.16 5.74619 1
4.17 5.86697 1
4.18 5.98778 1
4.19 5.70861 1
4.2 5.92946 1
4.21 5.95033 1
4.22 5.8712 1
4.23 5.79209 1
4.24 5.91299 1
4.25 6.03389 1
4.26 6.15479 1
4.27 6.07568 1
4.28 5.89658 1
4.29 6.21746 1
4.3 6.03833 1
4.31 6.05918 1
4.32 6.08002 1
4.33 6.20083 1
4.34 6.02162 1
4.35 6.34238 1
4.36 6.06311 1
4.37 6.18381 1
4.38 6.30447 1
4.39 6.12509 1
4.4 6.34566 1
4.41 6.16619 1
4.42 6.28667 1
4.43 6.4071 1
4.44 6.52747 1
4.45 6.34779 1
4.46 6.36804 1
4.47 6.38823 1
4.48 6.60835 1
4.49 6.3284 1
4.5 6.44837 1
4.51 6.46828 1
4.52 6.6881 1
4.53 6.70784 1
4.54 6.5275 1
4.55 6.44707 1
4.56 6.56656 1
4.57 6.58595 1
4.58 6.70524 1
4.59 6.62444 1
4.6 6.54354 1
4.61 6.86254 1
4.62 6.78144 1
4.63 6.80022 1
4.64 6.7189 1
4.65 6.83746 1
4.66 6.75592 1
4.67 6.77425 1
4.68 6.99247 1
4.69 7.01057 1
4.7 6.92854 1
4.71 6.94639 1
4.72 7.06411 1
4.73 7.08171 1
4.74 6.79917 1
4.75 7.1165 1
4.76 6.8337 1
4.77 6.95076 1
4.78 6.86769 1
4.79 7.18447 1
4.8 7.00112 1
4.81 7.01762 1
4.82 7.03398 1
4.83 6.95019 1
4.84 6.96626 1
4.85 7.18218 1
4.86 6.99795 1
4.87 7.11356 1
4.88 7.32903 1
4.89 7.34434 1
4.9 7.25951 1
4.91 7.07451 1
4.92 7.28936 1
4.93 7.10406 1
4.94 7.31859 1
4.95 7.13297 1
4.96 7.44719 1
4.97 7.46125 1
4.98 7.27515 1
4.99 7.38889 1
5 7.40247 1
5.01 7.51589 1
5.02 7.22914 1
5.03 7.34224 1
5.04 7.45517 1
5.05 7.26794 1
5.06 7.28055 1
5.07 7.49299 1
5.08 7.40528 1
5.09 7.3174 1
5.1 7.52936 1
5.11 7.64116 1
5.12 7.55279 1
5.13 7.66427 1
5.14 7.67558 1
5.15 7.58674 1
5.16 7.49774 1
5.17 7.40857 1
5.18 7.41925 1
5.19 7.52977 1
5.2 7.74014 1
5.21 7.65035 1
5.22 7.5604 1
5.23 7.5703 1
5.24 7.78005 1
5.25 7.78964 1
5.26 7.59909 1
5.27 7.70838 1
5.28 7.71753 1
5.29 7.82653 1
5.3 7.53538 1
5.31 7.54409 1
5.32 7.75266 1
5.33 7.66108 1
5.34 7.66937 1
5.35 7.67752 1
5.36 7.68553 1
5.37 7.79341 1
5.38 7.90115 1
5.39 7.90877 1
5.4 7.81625 1
5.41 7.72361 1
5.42 7.83084 1
5.43 7.63795 1
5.44 7.64494 1
5.45 7.75181 1
5.46 7.95857 1
5.47 7.86521 1
5.48 7.77174 1
5.49 7.97815 1
5.5 7.98446 1
5.51 7.69067 1
5.52 7.79677 1
5.53 7.70277 1
5.54 7.90868 1
5.55 7.71449 1
5.56 8.02021 1
5.57 8.02583 1
5.58 7.93137 1
5.59 7.83683 1
