1.897 0.392947 0.235766 1.22755 0.0605013
0 0.1 0
0.01 0.119591 0
0.02 0.439095 0
0.03 0.35851 0
0.04 0.277832 0
0.05 0.597059 0
0.06 0.616189 0
0.07 0.635219 0
0.08 0.654147 0
0.09 0.472971 0
0.1 0.291689 0
0.11 0.610297 0
0.12 0.428794 0
0.13 0.447177 0
0.14 0.465446 0
0.15 0.683596 0
0.16 0.501626 0
0.17 0.719535 0
0.18 0.53732 0
0.19 0.65498 0
0.2 0.772511 0
0.21 0.589913 0
0.22 0.507184 0
0.23 0.724322 0
0.24 0.941325 0
0.25 0.958192 0
0.26 0.67492 0
0.27 0.691509 0
0.28 0.907957 0
0.29 0.724262 0
0.3 0.740423 0
0.31 0.656439 0
0.32 0.972308 0
0.33 1.08803 0
0.34 1.1036 0
0.35 1.11902 0
0.36 1.03429 0
0.37 0.749409 0
0.38 0.764373 0
0.39 0.779182 0
0.4 0.993836 0
0.41 0.808334 0
0.42 0.822675 0
0.43 0.836858 0
0.44 0.950883 0
0.45 1.16475 0
0.46 1.27846 0
0.47 1.292 0
0.48 1.00539 0
0.49 1.11861 0
0.5 1.03168 0
0.51 1.14458 0
0.52 1.25732 0
0.53 1.3699 0
0.54 1.08232 0
0.55 0.994573 0
0.56 1.30667 0
0.57 1.4186 0
0.58 1.13037 0
0.59 1.34198 0
0.6 1.05342 0
0.61 1.36471 0
0.62 1.37584 0
0.63 1.3868 0
0.64 1.29761 0
0.65 1.10825 0
0.66 1.51874 0
0.67 1.42907 0
0.68 1.13925 0
0.69 1.54926 0
0.7 1.15912 0
0.71 1.46883 0
0.72 1.37838 0
0.73 1.18778 0
0.74 1.19703 0
0.75 1.50613 0
0.76 1.31507 0
0.77 1.62387 0
0.78 1.23253 0
0.79 1.44103 0
0.8 1.54939 0
0.81 1.35761 0
0.82 1.36569 0
0.83 1.67362 0
0.84 1.28142 0
0.85 1.48908 0
0.86 1.69661 0
0.87 1.304 0
0.88 1.51126 0
0.89 1.31839 0
0.9 1.6254 0
0.91 1.73227 0
0.92 1.63902 0
0.93 1.74565 0
0.94 1.35216 0
0.95 1.65855 0
0.96 1.76482 0
0.97 1.77098 0
0.98 1.67703 0
0.99 1.78297 0
1 1.7888 0
1.01 1.69452 0
1.02 1.80015 0
1.03 1.50567 0
1.04 1.41109 0
1.05 1.61642 0
1.06 1.52166 0
1.07 1.5268 0
1.08 1.53186 0
1.09 1.53683 0
1.1 1.54172 0
1.11 1.64653 0
1.12 1.45126 0
1.13 1.85591 0
1.14 1.5605 0
1.15 1.46501 0
1.16 1.66946 0
1.17 1.67384 0
1.18 1.77817 0
1.19 1.58243 0
1.2 1.68664 0
1.21 1.5908 0
1.22 1.49491 0
1.23 1.79897 0
1.24 1.70298 0
1.25 1.50696 0
1.26 1.8109 0
1.27 1.8148 0
1.28 1.51868 0
1.29 1.62252 0
1.3 1.52634 0
1.31 1.63013 0
1.32 1.63391 0
1.33 1.93766 0
1.34 1.94141 0
1.35 1.84514 0
1.36 1.84887 0
1.37 1.55259 0
1.38 1.75631 0
1.39 1.56003 0
1.4 1.96376 0
1.41 1.56749 0
1.42 1.97124 0
1.43 1.975 0
1.44 1.97877 0
1.45 1.78257 0
1.46 1.68638 0
1.47 1.69023 0
1.48 1.9941 0
1.49 1.998 0
1.5 2.00194 0
1.51 1.90592 0
1.52 1.90994 0
1.53 1.614 0
1.54 1.91811 0
1.55 1.62227 0
1.56 1.82648 0
1.57 1.73074 0
1.58 1.73506 0
1.59 1.83945 0
1.6 2.0439 0
1.61 1.74841 0
1.62 1.653 0
1.63 1.65765 0
1.64 1.86239 0
1.65 2.0672 0
1.66 1.77209 0
1.67 1.77706 0
1.68 1.88212 0
1.69 1.98726 0
1.7 1.9925 0
1.71 1.79783 0
1.72 1.70325 0
1.73 1.90878 0
1.74 1.9144 0
1.75 2.12013 0
1.76 2.12596 0
1.77 1.7319 0
1.78 2.03795 0
1.79 1.74411 0
1.8 1.75038 0
1.81 1.95677 0
1.82 2.06328 0
1.83 2.06991 0
1.84 1.97667 0
1.85 1.98354 0
1.86 1.79055 0
1.87 1.99768 0
1.88 1.80494 0
1.89 1.91234 0
1.9 2.21986 0
1.91 1.82753 0
1.92 2.23533 0
1.93 2.04326 0
1.94 2.05134 0
1.95 2.05956 0
1.96 1.96793 0
1.97 2.17643 0
1.98 2.18509 0
1.99 1.89389 0
2 2.20284 0
2.01 2.21194 0
2.02 2.22119 0
2.03 2.23059 0
2.04 1.94014 0
2.05 1.94985 0
2.06 1.95971 0
2.07 2.06973 0
2.08 2.07991 0
2.09 2.29024 0
2.1 2.10073 0
2.11 2.31138 0
2.12 2.02218 0
2.13 2.13315 0
2.14 2.34428 0
2.15 2.05557 0
2.16 2.06702 0
2.17 2.07863 0
2.18 2.2904 0
2.19 2.20233 0
2.2 2.51443 0
2.21 2.42669 0
2.22 2.43911 0
2.23 2.45169 0
2.24 2.36443 0
2.25 2.17733 0
2.26 2.1904 0
2.27 2.60363 0
2.28 2.31701 0
2.29 2.23056 0
2.3 2.34427 0
2.31 2.35814 0
2.32 2.57217 0
2.33 2.28635 0
2.34 2.50069 0
2.35 2.31519 0
2.36 2.52985 0
2.37 2.54466 0
2.38 2.45963 0
2.39 2.37475 0
2.4 2.39002 0
2.41 2.80544 0
2.42 2.72101 0
2.43 2.63674 0
2.44 2.75261 0
2.45 2.56862 0
2.46 2.88479 0
2.47 2.80109 0
2.48 2.71754 0
2.49 2.83413 0
2.5 2.65086 0
2.51 2.66773 0
2.52 2.98474 0
2.53 2.70188 0
2.54 2.71915 0
2.55 2.73655 0
2.56 3.05409 0
2.57 2.87175 0
2.58 2.88953 0
2.59 2.70744 0
2.6 3.12548 0
2.61 3.14363 0
2.62 3.0619 0
2.63 2.78028 0
2.64 3.19878 0
2.65 2.81739 0
2.66 2.83611 0
2.67 3.15493 0
2.68 3.07386 0
2.69 3.29289 0
2.7 3.31203 0
2.71 3.33125 0
2.72 2.95058 0
2.73 3.16999 0
2.74 3.3895 0
2.75 3.30909 0
2.76 3.12877 0
2.77 3.34852 0
2.78 3.46836 0
2.79 3.08828 0
2.8 3.50827 0
2.81 3.32833 0
2.82 3.44845 0
2.83 3.46865 0
2.84 3.58891 0
2.85 3.60922 0
2.86 3.6296 0
2.87 3.25002 0
2.88 3.5705 0
2.89 3.49103 0
2.9 3.31161 0
2.91 3.63222 0
2.92 3.65288 0
2.93 3.37357 0
2.94 3.6943 0
2.95 3.81506 0
2.96 3.53584 0
2.97 3.45666 0
2.98 3.67749 0
2.99 3.49834 0
3 3.61921 0
3.01 3.64009 0
3.02 3.56097 0
3.03 3.78187 0
3.04 3.70277 0
3.05 3.72367 0
3.06 3.84457 0
3.07 4.06546 0
3.08 4.08634 0
3.09 4.00721 0
3.1 4.12807 0
3.11 3.74891 0
3.12 4.06972 0
3.13 3.99052 0
3.14 4.11128 0
3.15 4.23202 0
3.16 4.15273 0
3.17 3.87339 0
3.18 4.29402 0
3.19 4.11461 0
3.2 4.33516 0
3.21 4.05565 0
3.22 3.9761 0
3.23 4.19649 0
3.24 4.11682 0
3.25 4.0371 0
3.26 4.15731 0
3.27 4.27746 0
3.28 4.29754 0
3.29 4.11755 0
3.3 4.13749 0
3.31 4.55735 0
3.32 4.57714 0
3.33 4.19684 0
3.34 4.51646 0
3.35 4.43599 0
3.36 4.35544 0
3.37 4.47479 0
3.38 4.39405 0
3.39 4.51321 0
3.4 4.43227 0
3.41 4.55123 0
3.42 4.67009 0
3.43 4.48884 0
3.44 4.50749 0
3.45 4.72602 0
3.46 4.44444 0
3.47 4.86275 0
3.48 4.48094 0
3.49 4.89901 0
3.5 4.61696 0
3.51 4.93478 0
3.52 4.55248 0
3.53 4.87006 0
3.54 4.8875 0
3.55 4.70481 0
3.56 4.922 0
3.57 4.73904 0
3.58 4.75595 0
3.59 4.97273 0
3.6 4.88936 0
3.61 4.80586 0
3.62 5.12221 0
3.63 4.83842 0
3.64 5.05448 0
3.65 4.9704 0
3.66 4.78616 0
3.67 4.90179 0
3.68 4.91726 0
3.69 4.93257 0
3.7 4.84774 0
3.71 5.26276 0
3.72 4.87762 0
3.73 4.89232 0
3.74 4.90687 0
3.75 5.02126 0
3.76 5.3355 0
3.77 4.94957 0
3.78 5.16349 0
3.79 5.07725 0
3.8 5.39085 0
3.81 5.40429 0
3.82 5.11756 0
3.83 5.13068 0
3.84 5.24363 0
3.85 5.45643 0
3.86 5.06906 0
3.87 5.38153 0
3.88 5.19384 0
3.89 5.40598 0
3.9 5.41797 0
3.91 5.12979 0
3.92 5.24145 0
3.93 5.35295 0
3.94 5.46429 0
3.95 5.57547 0
3.96 5.58649 0
3.97 5.49734 0
3.98 5.40804 0
3.99 5.41858 0
4 5.32896 1
4.01 5.43919 1
4.02 5.44926 1
4.03 5.35917 1
4.04 5.56892 1
4.05 5.47853 1
4.06 5.68798 1
4.07 5.69727 1
4.08 5.30642 1
4.09 5.61541 1
4.1 5.32426 1
4.11 5.73296 1
4.12 5.54152 1
4.13 5.64992 1
4.14 5.65819 1
4.15 5.56631 1
4.16 5.67429 1
4.17 5.68214 1
4.18 5.58984 1
4.19 5.49741 1
4.2 5.70485 1
4.21 5.41215 1
4.22 5.51932 1
4.23 5.82637 1
4.24 5.63328 1
4.25 5.84008 1
4.26 5.74674 1
4.27 5.75329 1
4.28 5.85972 1
4.29 5.66603 1
4.3 5.47223 1
4.31 5.47831 1
4.32 5.88428 1
4.33 5.89015 1
4.34 5.79591 1
4.35 5.90156 1
4.36 5.70712 1
4.37 5.91258 1
4.38 5.51793 1
4.39 5.7232 1
4.4 5.72837 1
4.41 5.63346 1
4.42 5.83846 1
4.43 5.74337 1
4.44 5.94821 1
4.45 5.85296 1
4.46 5.65764 1
4.47 5.96225 1
4.48 5.86679 1
4.49 5.57126 1
4.5 5.77566 1
4.51 5.68 1
4.52 5.58429 1
4.53 5.88851 1
4.54 5.59269 1
4.55 5.99681 1
4.56 6.00089 1
4.57 5.60492 1
4.58 6.00891 1
4.59 5.91286 1
4.6 5.81677 1
4.61 6.02066 1
4.62 5.62451 1
4.63 6.02833 1
4.64 5.73214 1
4.65 5.63592 1
4.66 5.93968 1
4.67 5.64343 1
4.68 6.04717 1
4.69 6.05089 1
4.7 6.05462 1
4.71 6.05834 1
4.72 5.86206 1
4.73 5.86578 1
4.74 5.96951 1
4.75 5.97325 1
4.76 5.97701 1
4.77 6.08078 1
4.78 5.98456 1
4.79 5.78837 1
4.8 6.09221 1
4.81 5.69607 1
4.82 5.99997 1
4.83 5.80389 1
4.84 5.80786 1
4.85 6.01186 1
4.86 5.71591 1
4.87 5.92 1
4.88 6.12414 1
4.89 6.12834 1
4.9 6.03258 1
4.91 6.03689 1
4.92 5.74125 1
4.93 6.04568 1
4.94 5.95017 1
4.95 6.05473 1
4.96 5.85937 1
4.97 6.06407 1
4.98 6.06886 1
4.99 5.97372 1
5 5.97867 1
5.01 5.9837 1
5.02 5.88881 1
5.03 5.89402 1
5.04 5.99932 1
5.05 5.90471 1
5.06 6.2102 1
5.07 5.8158 1
5.08 5.82149 1
5.09 6.22729 1
5.1 5.93319 1
5.11 5.9392 1
5.12 6.04533 1
5.13 5.95156 1
5.14 6.05792 1
5.15 5.86439 1
5.16 5.87098 1
5.17 6.27769 1
5.18 6.08453 1
5.19 5.99149 1
5.2 5.89858 1
5.21 5.9058 1
5.22 6.31315 1
5.23 6.22063 1
5.24 6.02825 1
5.25 6.33601 1
5.26 6.0439 1
5.27 6.15193 1
5.28 6.16011 1
5.29 5.96842 1
5.3 6.37689 1
5.31 6.08549 1
5.32 6.19424 1
5.33 6.30315 1
5.34 6.2122 1
5.35 6.1214 1
5.36 6.13075 1
5.37 6.14025 1
5.38 6.14991 1
5.39 6.25972 1
5.4 6.36969 1
5.41 6.07981 1
5.42 6.09009 1
5.43 6.10053 1
5.44 6.21113 1
5.45 6.12189 1
5.46 6.1328 1
5.47 6.44388 1
5.48 6.55511 1
5.49 6.56651 1
5.5 6.57807 1
5.51 6.38979 1
5.52 6.20167 1
5.53 6.31371 1
5.54 6.22592 1
5.55 6.33828 1
5.56 6.45081 1
5.57 6.5635 1
5.58 6.27635 1
5.59 6.68937 1
