2 -13.7379 5.77746 30.4481 -5.6878
0 0.1 0
0.02 0.127947 0
0.04 0.155195 0
0.06 0.281737 0
0.08 0.207567 0
0.1 0.332681 0
0.12 0.357077 0
0.14 0.380751 0
0.16 0.303703 0
0.18 0.325932 0
0.2 0.347439 0
0.22 0.368227 0
0.24 0.388298 0
0.26 0.407656 0
0.28 0.426307 0
0.3 0.544257 0
0.32 0.461512 0
0.34 0.578081 0
0.36 0.493973 0
0.38 0.609199 0
0.4 0.523768 1
0.42 0.537695 1
0.44 0.55099 1
0.46 0.563669 1
0.48 0.675746 1
0.5 0.687237 1
0.52 0.598159 1
0.54 0.708528 1
0.56 0.618363 1
0.58 0.627683 1
0.6 0.636508 1
0.62 0.744858 1
0.64 0.652754 1
0.66 0.760218 1
0.68 0.667272 1
0.7 0.67394 1
0.72 0.680245 1
0.74 0.786211 1
0.76 0.791863 1
0.78 0.697226 1
0.8 0.802325 1
0.82 0.707186 1
0.84 0.811835 1
0.86 0.816299 1
0.88 0.720605 1
0.9 0.824779 1
0.92 0.72885 1
0.94 0.832843 1
0.96 0.736787 1
0.98 0.740709 1
1 0.744638 1
1.02 0.748599 1
1.04 0.852621 1
1.06 0.856732 1
1.08 0.860958 1
1.1 0.765327 1
1.12 0.769866 1
1.14 0.8746 1
1.16 0.779558 1
1.18 0.884764 1
1.2 0.890245 1
1.22 0.796026 1
1.24 0.802131 1
1.26 0.908586 1
1.28 0.915413 1
1.3 0.822636 1
1.32 0.830279 1
1.34 0.938363 1
1.36 0.946909 1
1.38 0.95594 1
1.4 0.865473 1
1.42 0.97553 1
1.44 0.986129 1
1.46 0.997287 1
1.48 0.909022 1
1.5 0.92135 1
1.52 0.934285 1
1.54 1.04784 1
1.56 1.06204 1
1.58 1.07688 1
