2 0.137225 -0.410173 1.26189 0.810651
0 0.6 0
0.02 0.431616 0
0.04 0.363837 0
0.06 0.696651 0
0.08 0.630045 0
0.1 0.964008 0
0.12 0.498524 0
0.14 0.333578 0
0.16 0.369156 0
0.18 1.10524 0
0.2 0.541815 0
0.22 0.77886 0
0.24 0.816357 0
0.26 0.654288 0
0.28 1.09263 0
0.3 0.631366 0
0.32 0.670472 0
0.34 0.709927 0
0.36 0.849708 0
0.38 1.28979 0
0.4 1.43016 0
0.42 1.37078 0
0.44 1.11163 0
0.46 1.65268 0
0.48 1.49393 0
0.5 1.23532 0
0.52 1.17685 0
0.54 1.11848 0
0.56 1.6602 0
0.58 1.90196 0
0.6 1.24376 0
0.62 1.58556 0
0.64 1.52733 0
0.66 1.56905 0
0.68 1.41069 0
0.7 2.05224 0
0.72 1.59365 0
0.74 1.83491 0
0.76 2.17599 0
0.78 1.71687 0
0.8 1.85752 0
0.82 2.39791 0
0.84 2.23803 0
0.86 2.27785 0
0.88 1.81735 0
0.9 2.0565 0
0.92 2.49528 0
0.94 2.03367 0
0.96 2.17165 0
0.98 2.7092 0
1 2.6463 0
1.02 2.08293 0
1.04 2.51908 0
1.06 2.15472 0
1.08 2.88983 0
1.1 2.42442 0
1.12 2.45845 0
1.14 2.39191 0
1.16 2.52479 0
1.18 2.35709 0
1.2 2.38878 0
1.22 2.61985 0
1.24 2.7503 0
1.26 2.68012 0
1.28 2.9093 0
1.3 2.83784 0
1.32 2.56572 0
1.34 3.09295 0
1.36 3.21952 0
1.38 3.24542 0
1.4 3.37066 0
1.42 2.69523 0
1.44 3.21914 0
1.46 3.14239 0
1.48 3.36497 0
1.5 3.3869 0
1.52 3.40818 0
1.54 3.22881 0
1.56 3.5488 0
1.58 2.86815 0
1.6 3.18688 0
1.62 3.405 0
1.64 2.92251 0
1.66 3.63943 0
1.68 3.45577 0
1.7 2.97154 0
1.72 3.08675 0
1.74 3.70143 0
1.76 3.11558 0
1.78 3.42923 0
1.8 3.74238 0
1.82 3.15507 0
1.84 3.6673 0
1.86 3.2791 0
1.88 3.39048 0
1.9 3.40147 0
1.92 3.71209 0
1.94 3.42237 0
1.96 3.13231 0
1.98 3.54195 0
2 3.25131 0
2.02 3.86042 0
2.04 3.66929 0
2.06 3.77796 0
2.08 3.48644 0
2.1 3.49477 0
2.12 3.60296 0
2.14 3.31105 0
2.16 3.91906 0
2.18 3.52701 0
2.2 3.33494 0
2.22 3.44286 0
2.24 3.25081 0
2.26 3.45881 0
2.28 3.36688 0
2.3 3.77505 0
2.32 3.48336 0
2.34 3.59181 0
2.36 3.80045 0
2.38 3.60929 0
2.4 4.01835 0
2.42 3.72767 0
2.44 3.73727 0
2.46 3.84716 0
2.48 4.05738 0
2.5 4.06794 0
2.52 3.37888 0
2.54 3.8902 0
2.56 3.60193 0
2.58 3.51409 0
2.6 3.5267 0
2.62 3.73978 0
2.64 3.45334 0
2.66 4.06741 0
2.68 3.582 0
2.7 3.89713 0
2.72 3.61281 0
2.74 4.12905 0
2.76 4.04588 0
2.78 3.56329 0
2.8 3.68131 0
2.82 4.29994 0
2.84 3.8192 0
2.86 3.83908 0
2.88 3.75961 0
2.9 4.08078 0
2.92 4.40261 0
2.94 4.02509 0
2.96 4.44823 0
2.98 4.17203 0
3 4.3965 0
3.02 4.42163 0
3.04 3.94743 0
3.06 4.07389 0
3.08 4.20101 0
3.1 3.92879 0
3.12 4.05722 0
3.14 4.38629 0
3.16 4.51601 0
3.18 4.34636 0
3.2 4.57734 0
3.22 4.70893 0
3.24 4.74113 0
3.26 4.67392 0
3.28 4.70729 0
3.3 4.94123 0
3.32 4.37572 0
3.34 4.91076 0
3.36 4.84631 0
3.38 5.08238 0
3.4 5.11893 0
3.42 5.15596 0
3.44 5.09344 0
3.46 4.63135 0
3.48 4.66968 0
3.5 5.3084 0
3.52 5.14749 0
3.54 4.68693 0
3.56 4.9267 0
3.58 5.16677 0
3.6 5.30712 0
3.62 4.84773 0
3.64 5.08858 0
3.66 5.52963 0
3.68 5.17086 0
3.7 5.61225 0
3.72 5.65378 0
3.74 5.3954 0
3.76 5.33712 0
3.78 5.47888 0
3.8 5.82068 0
3.82 5.96247 0
3.84 5.40425 0
3.86 5.74597 0
3.88 5.78762 0
3.9 6.02916 0
3.92 5.77058 0
3.94 6.11185 0
3.96 6.05294 0
3.98 5.69383 0
4 6.13449 1
4.02 6.07489 1
4.04 5.71502 1
4.06 6.05485 1
4.08 6.29436 1
4.1 5.93353 1
4.12 6.07232 1
4.14 6.21073 1
4.16 6.04873 1
4.18 6.3863 1
4.2 6.72341 1
4.22 6.66007 1
4.24 6.49623 1
4.26 6.33189 1
4.28 6.56703 1
4.3 6.80163 1
4.32 6.23569 1
4.34 6.46917 1
4.36 6.40208 1
4.38 6.5344 1
4.4 6.86611 1
4.42 7.09721 1
4.44 6.52769 1
4.46 7.15754 1
4.48 6.78674 1
4.5 7.0153 1
4.52 7.04321 1
4.54 7.17047 1
4.56 6.89706 1
4.58 6.82299 1
4.6 7.34826 1
4.62 6.67286 1
4.64 7.29679 1
4.66 7.42007 1
4.68 7.04268 1
4.7 7.16463 1
4.72 6.78594 1
4.74 7.30659 1
4.76 7.52661 1
4.78 7.04599 1
4.8 6.96474 1
4.82 7.48289 1
4.84 6.90042 1
4.86 7.41736 1
4.88 6.93372 1
4.9 7.44951 1
4.92 7.26475 1
4.94 6.97945 1
4.96 7.69362 1
4.98 7.40729 1
5 7.22046 1
5.02 7.53317 1
5.04 7.34542 1
5.06 7.35723 1
5.08 7.46863 1
5.1 7.67964 1
5.12 7.19028 1
5.14 7.20056 1
5.16 7.61052 1
5.18 7.52017 1
5.2 7.52955 1
5.22 7.53866 1
5.24 7.64754 1
5.26 7.35622 1
5.28 7.56471 1
5.3 7.17304 1
5.32 7.78124 1
5.34 7.58933 1
5.36 7.79734 1
5.38 7.7053 1
5.4 7.81322 1
5.42 7.92114 1
5.44 7.62909 1
5.46 7.93709 1
5.48 7.74516 1
5.5 7.65333 1
5.52 7.66162 1
5.54 7.27007 1
5.56 7.7787 1
5.58 7.58753 1
5.6 7.79659 1
5.62 8.00589 1
5.64 7.31548 1
5.66 7.32536 1
5.68 7.63557 1
5.7 7.74611 1
5.72 8.05703 1
5.74 7.76833 1
5.76 7.98005 1
5.78 7.79219 1
5.8 7.40478 1
5.82 7.61784 1
5.84 7.43139 1
5.86 7.94544 1
5.88 7.86001 1
5.9 7.87511 1
5.92 8.09077 1
5.94 7.80699 1
5.96 7.62379 1
5.98 7.94118 1
6 7.55918 1
6.02 8.27778 1
6.04 7.89701 1
6.06 8.01687 1
6.08 8.23737 1
6.1 7.65852 1
6.12 7.78032 1
6.14 7.90277 1
6.16 7.82588 1
6.18 8.34966 1
6.2 8.3741 1
6.22 8.39921 1
6.24 8.32498 1
6.26 8.45141 1
6.28 8.4785 1
6.3 7.90626 1
6.32 8.23466 1
6.34 8.46371 1
6.36 8.3934 1
6.38 8.12373 1
6.4 8.15468 1
6.42 8.58625 1
6.44 8.41842 1
6.46 8.35119 1
6.48 8.38453 1
6.5 8.91845 1
6.52 8.85292 1
6.54 8.28794 1
6.56 8.52347 1
6.58 9.05952 1
6.6 8.79605 1
6.62 8.73306 1
6.64 9.17052 1
6.66 8.50842 1
6.68 9.24673 1
6.7 9.08543 1
6.72 8.62451 1
6.74 8.66394 1
6.76 8.70369 1
6.78 8.84375 1
6.8 9.38409 1
6.82 9.42469 1
6.84 9.56553 1
6.86 9.30657 1
6.88 9.3478 1
6.9 9.58918 1
6.92 9.4307 1
6.94 9.77233 1
6.96 9.41403 1
6.98 9.2558 1
7 9.19759 1
7.02 9.73939 1
7.04 9.88116 1
7.06 9.62289 1
7.08 10.0645 1
7.1 9.40609 1
7.12 9.74752 1
7.14 9.98879 1
7.16 9.62989 1
7.18 10.0708 1
