1.989 0.369273 0.284435 1.09219 -0.140212
0 0.2 0
0.025 0.14502 0
0.05 0.289219 0
0.075 0.232562 0
0.1 0.375015 0
0.125 0.316549 0
0.15 0.357135 0
0.175 0.396745 0
0.2 0.435356 0
0.225 0.472945 0
0.25 0.609492 0
0.275 0.644979 0
0.3 0.679392 0
0.325 0.612718 0
0.35 0.744946 0
0.375 0.776067 0
0.4 0.706078 0
0.425 0.834974 0
0.45 0.862756 0
0.475 0.789424 0
0.5 0.914985 0
0.525 0.839444 0
0.55 0.862811 0
0.575 0.985098 0
0.6 1.00632 0
0.625 1.02649 0
0.65 0.945635 0
0.675 1.06377 0
0.7 0.980917 0
0.725 0.997106 0
0.75 1.11236 0
0.775 1.12672 0
0.8 1.04021 0
0.825 1.05286 0
0.85 1.16471 0
0.875 1.1758 0
0.9 1.08617 0
0.925 1.19585 0
0.95 1.2049 0
0.975 1.11335 0
1 1.22125 0
1.025 1.22865 0
1.05 1.13559 0
1.075 1.24213 0
1.1 1.2483 0
1.125 1.25417 0
1.15 1.15979 0
1.175 1.16519 0
1.2 1.17045 0
1.225 1.1756 0
1.25 1.18071 0
1.275 1.28582 0
1.3 1.19099 0
1.325 1.19627 0
1.35 1.20171 0
1.375 1.30737 0
1.4 1.31329 0
1.425 1.21953 0
1.45 1.22613 0
1.475 1.33316 0
1.5 1.24064 0
1.525 1.24864 0
1.55 1.2572 0
1.575 1.26636 0
1.6 1.27617 0
1.625 1.28667 0
1.65 1.2979 0
1.675 1.40989 0
1.7 1.4227 0
1.725 1.43634 0
1.75 1.45086 0
1.775 1.46629 0
1.8 1.38265 0
1.825 1.49998 0
1.85 1.4183 0
1.875 1.43763 0
1.9 1.458 0
1.925 1.47941 0
1.95 1.5019 0
1.975 1.52547 0
2 1.55013 1
2.025 1.57589 1
2.05 1.70277 1
2.075 1.73075 1
2.1 1.75986 1
2.125 1.69007 1
2.15 1.7214 1
2.175 1.75383 1
2.2 1.78736 1
2.225 1.92197 1
2.25 1.85765 1
2.275 1.99439 1
2.3 2.03217 1
2.325 1.97097 1
2.35 2.11076 1
2.375 2.15153 1
2.4 2.09323 1
2.425 2.23585 1
2.45 2.17936 1
2.475 2.22371 1
2.5 2.36888 1
2.525 2.31482 1
2.55 2.46151 1
2.575 2.50889 1
2.6 2.55693 1
