1.884 -0.253913 -0.27616 1.43512 0.378258
0 0.1 0
0.025 0.119056 0
0.05 0.139031 0
0.075 0.15995 0
0.1 0.181836 0
0.125 0.304711 0
0.15 0.228591 0
0.175 0.353493 0
0.2 0.379429 0
0.225 0.306412 0
0.25 0.434448 0
0.275 0.363545 0
0.3 0.393705 0
0.325 0.424928 0
0.35 0.457214 0
0.375 0.490558 0
0.4 0.624953 0
0.425 0.66039 0
0.45 0.596856 0
0.475 0.634338 0
0.5 0.772819 0
0.525 0.812279 0
0.55 0.852697 0
0.575 0.79405 0
0.6 0.836312 0
0.625 0.879453 0
0.65 1.02344 0
0.675 1.06825 0
0.7 1.11385 0
0.725 1.16019 0
0.75 1.20724 0
0.775 1.15496 0
0.8 1.30331 0
0.825 1.35224 0
0.85 1.30172 0
0.875 1.45169 0
0.9 1.40212 0
0.925 1.45294 0
0.95 1.50412 0
0.975 1.65561 0
1 1.70734 0
1.025 1.65929 0
1.05 1.71138 0
1.075 1.86357 0
1.1 1.81582 0
1.125 1.86806 0
1.15 2.02024 0
1.175 1.97232 0
1.2 2.12424 0
1.225 2.17594 0
1.25 2.12739 1
1.275 2.17853 1
1.3 2.3293 1
1.325 2.37967 1
1.35 2.32958 1
1.375 2.47899 1
1.4 2.42785 1
1.425 2.57612 1
1.45 2.52376 1
1.475 2.67072 1
1.5 2.61697 1
1.525 2.66246 1
1.55 2.80717 1
1.575 2.85105 1
1.6 2.89408 1
1.625 2.93622 1
1.65 2.97746 1
1.675 2.91775 1
1.7 2.95709 1
1.725 3.09544 1
1.75 3.13279 1
1.775 3.16912 1
1.8 3.20443 1
1.825 3.23869 1
1.85 3.17189 1
