1.93 0.10653 -0.472067 1.156 0.572067
0 0.1 0
0.025 0.134587 0
0.05 0.170261 0
0.075 0.207003 0
0.1 0.244798 0
0.125 0.283623 0
0.15 0.323456 0
0.175 0.364271 0
0.2 0.406041 0
0.225 0.448735 0
0.25 0.492322 0
0.275 0.536767 0
0.3 0.582034 0
0.325 0.628085 0
0.35 0.674881 0
0.375 0.722378 0
0.4 0.770535 0
0.425 0.819306 0
0.45 0.868646 0
0.475 0.918506 0
0.5 0.968837 0
0.525 1.01959 0
0.55 1.07071 0
0.575 1.12216 0
0.6 1.17387 0
0.625 1.22579 0
0.65 1.27788 0
0.675 1.33007 0
0.7 1.38231 0
0.725 1.43455 0
0.75 1.48673 0
0.775 1.5388 0
0.8 1.59071 0
0.825 1.6424 0
0.85 1.69382 0
0.875 1.74491 0
0.9 1.79563 0
0.925 1.84592 0
0.95 1.89573 0
0.975 1.94502 0
1 1.99374 1
1.025 2.04184 1
1.05 2.08928 1
1.075 2.13601 1
1.1 2.18199 1
1.125 2.22719 1
1.15 2.27156 1
1.175 2.31507 1
1.2 2.35768 1
1.225 2.39937 1
1.25 2.44009 1
1.275 2.47984 1
1.3 2.51857 1
1.325 2.55627 1
1.35 2.59292 1
1.375 2.6285 1
1.4 2.66299 1
1.425 2.69638 1
1.45 2.72866 1
1.475 2.75982 1
1.5 2.78986 1
1.525 2.81877 1
1.55 2.84656 1
1.575 2.87322 1
1.6 2.89876 1
