1.884 0.297655 -0.703355 0.627966 0.878511
0 0.2 0
0.025 0.234366 0
0.05 0.169696 0
0.075 0.305982 0
0.1 0.243215 0
0.125 0.381382 0
0.15 0.32047 0
0.175 0.460461 0
0.2 0.501337 0
0.225 0.543077 0
0.25 0.58566 0
0.275 0.52906 0
0.3 0.573252 0
0.325 0.618206 0
0.35 0.763894 0
0.375 0.810283 0
0.4 0.75734 0
0.425 0.80503 0
0.45 0.953317 0
0.475 1.00216 0
0.5 1.05153 0
0.525 1.10138 0
0.55 1.15166 0
0.575 1.20235 0
0.6 1.25338 0
0.625 1.30473 0
0.65 1.25634 0
0.675 1.30817 0
0.7 1.46018 0
0.725 1.51231 0
0.75 1.56452 0
0.775 1.51677 0
0.8 1.569 0
0.825 1.72118 0
0.85 1.77325 0
0.875 1.72516 0
0.9 1.77688 0
0.925 1.92835 0
0.95 1.97954 0
0.975 1.93039 0
1 1.98087 1
1.025 2.03092 1
1.05 2.08052 1
1.075 2.22961 1
1.1 2.17816 1
1.125 2.32613 1
1.15 2.27348 1
1.175 2.32018 1
1.2 2.4662 1
1.225 2.5115 1
1.25 2.45604 1
1.275 2.49981 1
1.3 2.54278 1
1.325 2.68491 1
1.35 2.62619 1
1.375 2.76659 1
1.4 2.80609 1
1.425 2.74469 1
1.45 2.88235 1
1.475 2.81908 1
1.5 2.95485 1
1.525 2.88966 1
1.55 2.92351 1
1.575 3.05638 1
1.6 3.08828 1
