2 -74.7918 17.5143 154.01 -17.429
0 0.1 0
0.025 0.131364 0
0.05 0.261741 0
0.075 0.291133 0
0.1 0.219547 0
0.125 0.346991 0
0.15 0.273475 0
0.175 0.299012 0
0.2 0.423616 0
0.225 0.447305 0
0.25 0.370097 1
0.275 0.392015 1
0.3 0.513081 1
0.325 0.53332 1
0.35 0.452761 1
0.375 0.471431 1
0.4 0.489363 1
0.425 0.506589 1
0.45 0.523142 1
0.475 0.53906 1
0.5 0.654379 1
0.525 0.669139 1
0.55 0.583379 1
0.575 0.697141 1
0.6 0.610467 1
0.625 0.623402 1
0.65 0.735988 1
0.675 0.748272 1
0.7 0.6603 1
0.725 0.772118 1
0.75 0.783773 1
0.775 0.695313 1
0.8 0.806784 1
0.825 0.818237 1
0.85 0.829717 1
