2 -11.5271 1.56237 23.4958 -1.35734
0 0.2 0
0.025 0.214206 0
0.05 0.227841 0
0.075 0.240947 0
0.1 0.253563 0
0.125 0.165734 0
0.15 0.277502 0
0.175 0.288911 0
0.2 0.300008 0
0.225 0.310838 0
0.25 0.321447 1
0.275 0.231884 1
0.3 0.342194 1
0.325 0.252426 1
0.35 0.362629 1
0.375 0.372849 1
0.4 0.383135 1
0.425 0.393536 1
0.45 0.304097 1
0.475 0.414867 1
0.5 0.425893 1
0.525 0.437219 1
0.55 0.448893 1
0.575 0.460958 1
0.6 0.473459 1
0.625 0.486438 1
0.65 0.399936 1
0.675 0.513995 1
0.7 0.528653 1
0.725 0.443949 1
0.75 0.559918 1
0.775 0.476596 1
0.8 0.594016 1
0.825 0.512209 1
0.85 0.531206 1
0.875 0.551033 1
0.9 0.571717 1
0.925 0.693283 1
0.95 0.615752 1
0.975 0.739144 1
1 0.763477 1
1.025 0.788767 1
1.05 0.815028 1
1.075 0.74227 1
1.1 0.870503 1
1.125 0.899734 1
1.15 0.929967 1
1.175 0.861205 1
1.2 0.893447 1
1.225 1.02669 1
1.25 0.960933 1
1.275 0.996166 1
1.3 1.03238 1
1.325 1.16956 1
1.35 1.2077 1
1.375 1.24679 1
1.4 1.18679 1
1.425 1.3277 1
1.45 1.26948 1
1.475 1.41213 1
1.5 1.4556 1
1.525 1.39988 1
1.55 1.44493 1
1.575 1.49072 1
1.6 1.53722 1
1.625 1.58439 1
1.65 1.6322 1
1.675 1.7806 1
1.7 1.82957 1
1.725 1.77905 1
1.75 1.82901 1
1.775 1.87941 1
1.8 2.03019 1
1.825 1.98132 1
1.85 2.13276 1
1.875 2.08444 1
1.9 2.23633 1
1.925 2.18839 1
1.95 2.34055 1
1.975 2.39278 1
2 2.34503 1
2.025 2.49725 1
2.05 2.54938 1
2.075 2.50139 1
2.1 2.55323 1
2.125 2.60484 1
2.15 2.65619 1
2.175 2.70722 1
2.2 2.85789 1
2.225 2.80816 1
2.25 2.85798 1
2.275 2.90732 1
2.3 2.95612 1
2.325 3.00435 1
2.35 3.05197 1
2.375 3.19894 1
2.4 3.14523 1
2.425 3.2908 1
2.45 3.23562 1
2.475 3.37965 1
2.5 3.42288 1
2.525 3.36527 1
2.55 3.40679 1
2.575 3.54743 1
2.6 3.48716 1
2.625 3.62596 1
2.65 3.66381 1
2.675 3.7007 1
2.7 3.73662 1
2.725 3.67156 1
