1.884 -1.18619 0.463032 3.47316 -0.321664
0 0.1 0
0.025 0.219643 0
0.05 0.240367 0
0.075 0.162194 0
0.1 0.28514 0
0.125 0.309219 0
0.15 0.334443 0
0.175 0.26082 0
0.2 0.388357 0
0.225 0.417057 0
0.25 0.346919 0
0.275 0.477941 0
0.3 0.510118 0
0.325 0.543441 0
0.35 0.477898 0
0.375 0.613477 0
0.4 0.55016 0
0.425 0.587928 0
0.45 0.726759 0
0.475 0.666628 0
0.5 0.807508 1
0.525 0.849369 1
0.55 0.79218 1
0.575 0.835905 1
0.6 0.980507 1
0.625 0.925949 1
0.65 1.07219 1
0.675 1.11918 1
0.7 1.16689 1
0.725 1.11526 1
0.75 1.26425 1
0.775 1.3138 1
0.8 1.36387 1
0.825 1.4144 1
0.85 1.46534 1
0.875 1.41664 1
0.9 1.46823 1
0.925 1.62007 1
0.95 1.5721 1
0.975 1.72426 1
1 1.67649 1
1.025 1.82873 1
1.05 1.78094 1
1.075 1.93304 1
1.1 1.88499 1
