1.884 2.52798 -1.29122 -4.15375 1.5152
0 0.2 0
0.025 0.238313 0
0.05 0.275628 0
0.075 0.311931 0
0.1 0.247209 0
0.125 0.381452 0
0.15 0.414651 0
0.175 0.346801 0
0.2 0.3779 0
0.225 0.407949 0
0.25 0.536948 0
0.275 0.564905 0
0.3 0.491825 0
0.325 0.517721 0
0.35 0.542604 0
0.375 0.56649 0
0.4 0.689397 0
0.425 0.711345 0
0.45 0.632356 0
0.475 0.752457 0
0.5 0.771673 0
0.525 0.690034 0
0.55 0.807572 0
0.575 0.72432 0
0.6 0.740314 0
0.625 0.855591 1
0.65 0.870191 1
0.675 0.784153 1
0.7 0.89752 1
0.725 0.910337 1
0.75 0.822648 1
0.775 0.8345 1
0.8 0.84594 1
0.825 0.857017 1
0.85 0.96778 1
0.875 0.878281 1
0.9 0.988569 1
0.925 0.898696 1
0.95 0.908714 1
0.975 1.01868 1
1 0.928632 1
1.025 0.938636 1
1.05 1.04874 1
1.075 1.059 1
1.1 0.969455 1
1.125 1.08017 1
1.15 1.09119 1
1.175 1.00256 1
1.2 1.01433 1
1.225 1.02656 1
