1.884 0.00929876 -0.358121 1.50559 0.506037
0 0.2 0
0.025 0.136692 0
0.05 0.274485 0
0.075 0.313355 0
0.1 0.253276 0
0.125 0.294217 0
0.15 0.336147 0
0.175 0.379033 0
0.2 0.522838 0
0.225 0.467524 0
0.25 0.613051 0
0.275 0.659377 0
0.3 0.706458 0
0.325 0.754247 0
0.35 0.702697 0
0.375 0.75176 0
0.4 0.901384 0
0.425 0.951519 0
0.45 1.00211 0
0.475 0.953106 0
0.5 1.10445 0
0.525 1.05608 0
0.55 1.20796 0
0.575 1.16001 0
0.6 1.21218 0
0.625 1.26442 0
0.65 1.41666 0
0.675 1.36885 0
0.7 1.52093 0
0.725 1.57285 0
0.75 1.62454 1
0.775 1.57595 1
0.8 1.72703 1
0.825 1.67771 1
0.85 1.82795 1
0.875 1.87769 1
0.9 1.82688 1
0.925 1.87547 1
0.95 2.02341 1
0.975 1.97065 1
1 2.01714 1
1.025 2.06285 1
1.05 2.20772 1
1.075 2.15172 1
1.1 2.29481 1
1.125 2.33695 1
1.15 2.27811 1
1.175 2.41826 1
1.2 2.35736 1
1.225 2.49539 1
1.25 2.53232 1
1.275 2.56814 1
1.3 2.60282 1
1.325 2.53634 1
1.35 2.6687 1
