1.884 -0.150161 -0.447965 1.20376 0.603503
0 0.2 0
0.02 0.119164 0
0.04 0.238951 0
0.06 0.159368 0
0.08 0.280423 0
0.1 0.302122 0
0.12 0.324472 0
0.14 0.247476 0
0.16 0.271138 0
0.18 0.39546 0
0.2 0.420443 0
0.22 0.346088 0
0.24 0.372394 0
0.26 0.399358 0
0.28 0.526979 0
0.3 0.455252 0
0.32 0.584172 0
0.34 0.513733 0
0.36 0.543929 0
0.38 0.574751 0
0.4 0.706191 0
0.42 0.738237 0
0.44 0.670881 0
0.46 0.704109 0
0.48 0.737909 0
0.5 0.772267 0
0.52 0.907169 0
0.54 0.9426 0
0.56 0.978542 0
0.58 1.01498 0
0.6 1.05189 0
0.62 1.08927 0
0.64 1.12708 0
0.66 1.06531 0
0.68 1.20394 0
0.7 1.14295 0
0.72 1.28232 0
0.74 1.22201 0
0.76 1.26202 0
0.78 1.40231 0
0.8 1.34287 0
0.82 1.48367 0
0.84 1.52468 0
0.86 1.46587 0
0.88 1.50723 0
0.9 1.54873 0
0.92 1.59035 0
0.94 1.73204 0
0.96 1.6738 0
0.98 1.71559 0
1 1.85739 0
1.02 1.79917 0
1.04 1.8409 0
1.06 1.98257 0
1.08 1.92413 0
1.1 1.96557 0
1.12 2.10687 0
1.14 2.04799 0
1.16 2.18891 0
1.18 2.2296 0
1.2 2.27005 1
1.22 2.21022 1
1.24 2.2501 1
1.26 2.28965 1
1.28 2.32886 1
1.3 2.46771 1
1.32 2.50617 1
1.34 2.54423 1
1.36 2.58185 1
1.38 2.61903 1
1.4 2.65574 1
1.42 2.69197 1
1.44 2.72769 1
1.46 2.66289 1
1.48 2.69756 1
1.5 2.83168 1
1.52 2.86523 1
1.54 2.79821 1
1.56 2.8306 1
1.58 2.96238 1
1.6 2.99356 1
1.62 3.02411 1
1.64 3.05403 1
1.66 3.08332 1
1.68 3.01196 1
1.7 3.03995 1
1.72 3.16728 1
1.74 3.19396 1
1.76 3.11998 1
1.78 3.14534 1
1.8 3.17004 1
1.82 3.29408 1
1.84 3.21745 1
1.86 3.24017 1
1.88 3.36224 1
1.9 3.28366 1
1.92 3.40444 1
1.94 3.32458 1
1.96 3.4441 1
1.98 3.463 1
2 3.38129 1
2.02 3.39898 1
2.04 3.41608 1
2.06 3.53262 1
2.08 3.54859 1
2.1 3.46402 1
2.12 3.47892 1
2.14 3.4933 1
2.16 3.60719 1
2.18 3.5206 1
2.2 3.63355 1
2.22 3.54605 1
2.24 3.65814 1
2.26 3.66983 1
2.28 3.68113 1
2.3 3.69208 1
2.32 3.70269 1
2.34 3.61299 1
2.36 3.62301 1
2.38 3.73275 1
