2 -0.122479 -0.359647 -0.000384146 0.547494
0 0.1 0
0.025 0.203832 0
0.05 0.207502 0
0.075 0.211063 0
0.1 0.114572 0
0.125 0.218082 0
0.15 0.221649 0
0.175 0.225327 0
0.2 0.129171 0
0.225 0.233236 0
0.25 0.137575 0
0.275 0.142241 0
0.3 0.147286 0
0.325 0.152763 0
0.35 0.258721 0
0.375 0.16521 0
0.4 0.172278 0
0.425 0.179973 0
0.45 0.188339 0
0.475 0.19742 0
0.5 0.20726 0
0.525 0.317899 0
0.55 0.329375 0
0.575 0.341726 0
0.6 0.354986 0
0.625 0.369189 0
0.65 0.284366 0
0.675 0.400544 0
0.7 0.317751 0
0.725 0.336011 0
0.75 0.355345 1
0.775 0.475773 1
0.8 0.49731 1
0.825 0.519973 1
0.85 0.443771 1
0.875 0.568716 1
0.9 0.494812 1
0.925 0.522065 1
0.95 0.650475 1
0.975 0.680042 1
1 0.710761 1
1.025 0.742627 1
1.05 0.775629 1
1.075 0.809757 1
1.1 0.844997 1
1.125 0.781331 1
1.15 0.818742 1
1.175 0.857206 1
1.2 0.896701 1
1.225 0.9372 1
1.25 0.978675 1
1.275 1.02109 1
1.3 1.06443 1
1.325 1.20864 1
1.35 1.15369 1
