2 -0.762057 1.01756 2.92376 -0.878167
0 0.1 0
0.025 0.226944 0
0.05 0.252784 0
0.075 0.177528 0
0.1 0.30119 0
0.125 0.223782 0
0.15 0.245323 0
0.175 0.365833 0
0.2 0.385332 0
0.225 0.403846 0
0.25 0.421402 0
0.275 0.33803 0
0.3 0.35376 0
0.325 0.368627 0
0.35 0.482666 0
0.375 0.395916 0
0.4 0.508417 0
0.425 0.420209 0
0.45 0.531336 0
0.475 0.541844 0
0.5 0.551779 0
0.525 0.461189 0
0.55 0.470122 0
0.575 0.57863 0
0.6 0.486763 0
0.625 0.494574 0
0.65 0.502116 0
0.675 0.609443 0
0.7 0.616608 0
0.725 0.623667 0
0.75 0.530675 1
0.775 0.637686 1
0.8 0.544755 1
0.825 0.651938 1
0.85 0.659289 1
0.875 0.666862 1
0.9 0.67471 1
0.925 0.682887 1
0.95 0.691445 1
0.975 0.600435 1
1 0.709908 1
1.025 0.619911 1
1.05 0.630494 1
1.075 0.741702 1
1.1 0.753581 1
1.125 0.666173 1
1.15 0.779519 1
1.175 0.69366 1
1.2 0.708633 1
1.225 0.824473 1
1.25 0.841215 1
1.275 0.858889 1
1.3 0.877525 1
1.325 0.897149 1
1.35 0.917786 1
