2 0.475369 -0.222745 0.974609 0.361067
0 0.2 0
0.025 0.152202 0
0.05 0.204448 0
0.075 0.256676 0
0.1 0.308824 0
0.125 0.46083 0
0.15 0.412633 0
0.175 0.464172 0
0.2 0.515386 0
0.225 0.566216 0
0.25 0.716603 0
0.275 0.66649 0
0.3 0.81582 0
0.325 0.764539 0
0.35 0.812594 0
0.375 0.859932 0
0.4 1.0065 0
0.425 0.952263 0
0.45 0.997162 0
0.475 1.04116 0
0.5 1.08421 0
0.525 1.22627 0
0.55 1.26732 0
0.575 1.30731 0
0.6 1.34621 0
0.625 1.284 0
0.65 1.32064 0
0.675 1.45612 0
0.7 1.49042 0
0.725 1.52352 0
0.75 1.5554 1
0.775 1.48605 1
0.8 1.51546 1
0.825 1.64364 1
0.85 1.67057 1
0.875 1.59626 1
0.9 1.72071 1
0.925 1.74393 1
0.95 1.66593 1
0.975 1.78673 1
1 1.70634 1
1.025 1.82477 1
1.05 1.84206 1
1.075 1.85822 1
1.1 1.87329 1
1.125 1.7873 1
1.15 1.80027 1
1.175 1.81225 1
1.2 1.82327 1
1.225 1.83337 1
1.25 1.84261 1
1.275 1.85101 1
1.3 1.95864 1
1.325 1.86554 1
1.35 1.97175 1
