1.884 0.855396 -0.14347 0.502603 0.283397
0 0.1 0
0.025 0.252239 0
0.05 0.204416 0
0.075 0.356474 0
0.1 0.308353 0
0.125 0.459995 0
0.15 0.411344 0
0.175 0.562343 0
0.2 0.512935 0
0.225 0.563066 0
0.25 0.712681 0
0.275 0.761728 0
0.3 0.710156 0
0.325 0.857913 0
0.35 0.904952 0
0.375 0.851225 0
0.4 0.996688 0
0.425 1.0413 0
0.45 1.08501 0
0.475 1.02779 0
0.5 1.16959 0
0.525 1.21039 0
0.55 1.15015 0
0.575 1.28883 0
0.6 1.22642 0
0.625 1.36288 0
0.65 1.39819 0
0.675 1.43234 0
0.7 1.4653 0
0.725 1.39706 0
0.75 1.5276 1
0.775 1.45692 1
0.8 1.58501 1
0.825 1.61186 1
0.85 1.63748 1
0.875 1.66187 1
0.9 1.58502 1
0.925 1.60695 1
0.95 1.72767 1
0.975 1.64718 1
1 1.66551 1
1.025 1.68267 1
1.05 1.69869 1
1.075 1.81358 1
1.1 1.82737 1
1.125 1.84009 1
1.15 1.85177 1
1.175 1.76244 1
1.2 1.77214 1
1.225 1.78091 1
1.25 1.78878 1
1.275 1.8958 1
1.3 1.90201 1
1.325 1.80746 1
1.35 1.81219 1
