2 1.14741 -0.634543 -0.545122 0.79843
0 0.1 0
0.025 0.2522 0
0.05 0.304307 0
0.075 0.256273 0
0.1 0.408052 0
0.125 0.359595 0
0.15 0.510856 0
0.175 0.461788 0
0.2 0.512347 0
0.225 0.662488 0
0.25 0.612166 0
0.275 0.661341 0
0.3 0.80997 0
0.325 0.858013 0
0.35 0.805431 0
0.375 0.852188 0
0.4 0.998246 0
0.425 0.943573 0
0.45 1.08813 0
0.475 1.1319 0
0.5 1.17484 0
0.525 1.21693 0
0.55 1.25814 0
0.575 1.29845 0
0.6 1.33784 0
0.625 1.27629 0
0.65 1.31378 0
0.675 1.4503 0
0.7 1.38583 0
0.725 1.52037 0
0.75 1.4539 1
0.775 1.58642 1
0.8 1.51793 1
0.825 1.64843 1
0.85 1.67791 1
0.875 1.70638 1
0.9 1.73384 1
0.925 1.76031 1
0.95 1.78579 1
0.975 1.7103 1
1 1.73385 1
1.025 1.85645 1
1.05 1.77813 1
1.075 1.79891 1
1.1 1.81881 1
1.125 1.83785 1
1.15 1.85607 1
1.175 1.97349 1
1.2 1.99013 1
1.225 2.00605 1
1.25 2.02126 1
1.275 1.93581 1
1.3 2.04973 1
1.325 1.96306 1
1.35 2.07583 1
