1.884 0.0722434 0.073956 0.434597 0.0976637
0 0.1 0
0.025 0.221335 0
0.05 0.241618 0
0.075 0.260869 0
0.1 0.179112 0
0.125 0.296374 0
0.15 0.212683 0
0.175 0.328069 0
0.2 0.242565 0
0.225 0.256206 0
0.25 0.269029 0
0.275 0.281074 0
0.3 0.392381 0
0.325 0.302993 0
0.35 0.312954 0
0.375 0.422309 0
0.4 0.431107 0
0.425 0.339395 0
0.45 0.347224 0
0.475 0.454644 0
0.5 0.461708 0
0.525 0.468468 0
0.55 0.374977 0
0.575 0.48129 0
0.6 0.387461 0
0.625 0.493546 0
0.65 0.499598 0
0.675 0.405674 0
0.7 0.511828 0
0.725 0.518116 0
0.75 0.524591 1
0.775 0.431309 1
0.8 0.438322 1
0.825 0.445684 1
0.85 0.553447 1
0.875 0.561661 1
0.9 0.470376 1
0.925 0.579643 1
0.95 0.489507 1
0.975 0.500015 1
1 0.611212 1
1.025 0.52314 1
1.05 0.635841 1
1.075 0.649354 1
1.1 0.663715 1
1.125 0.678962 1
1.15 0.595126 1
1.175 0.612239 1
1.2 0.630329 1
1.225 0.649423 1
1.25 0.769545 1
1.275 0.790716 1
1.3 0.712956 1
1.325 0.736281 1
1.35 0.760705 1
