1.884 1.34212 -1.05877 -1.09148 1.24237
0 0.2 0
0.025 0.244367 0
0.05 0.289556 0
0.075 0.235529 0
0.1 0.282248 0
0.125 0.42967 0
0.15 0.377753 0
0.175 0.526452 0
0.2 0.575722 0
0.225 0.525516 0
0.25 0.675786 0
0.275 0.726482 0
0.3 0.777554 0
0.325 0.728952 0
0.35 0.780623 0
0.375 0.932515 0
0.4 0.984575 0
0.425 1.03675 0
0.45 1.08899 0
0.475 1.04123 0
0.5 1.19343 0
0.525 1.14553 0
0.55 1.29747 0
0.575 1.34922 0
0.6 1.3007 0
0.625 1.35187 0
0.65 1.40268 0
0.675 1.55308 0
0.7 1.50301 0
0.725 1.55244 0
0.75 1.60131 1
0.775 1.74957 1
0.8 1.79719 1
0.825 1.84412 1
0.85 1.89031 1
0.875 1.83573 1
0.9 1.88033 1
0.925 1.92409 1
0.95 2.06697 1
0.975 2.10893 1
1 2.04995 1
1.025 2.08999 1
1.05 2.22903 1
1.075 2.16705 1
1.1 2.20402 1
1.125 2.33993 1
1.15 2.37475 1
1.175 2.40848 1
1.2 2.3411 1
1.225 2.3726 1
1.25 2.40298 1
1.275 2.43223 1
1.3 2.56034 1
1.325 2.58733 1
1.35 2.61318 1
