1.884 0.97127 -0.727508 -0.0681221 0.842869
0 0.1 0
0.025 0.146265 0
0.05 0.293293 0
0.075 0.241036 0
0.1 0.289448 0
0.125 0.33848 0
0.15 0.388079 0
0.175 0.438195 0
0.2 0.488773 0
0.225 0.539759 0
0.25 0.591097 0
0.275 0.742731 0
0.3 0.694603 0
0.325 0.846655 0
0.35 0.898829 0
0.375 0.851067 0
0.4 1.00331 0
0.425 1.0555 0
0.45 1.00757 0
0.475 1.05948 0
0.5 1.11115 0
0.525 1.16254 0
0.55 1.31358 0
0.575 1.36423 0
0.6 1.31442 0
0.625 1.4641 0
0.65 1.51323 0
0.675 1.46174 0
0.7 1.60959 0
0.725 1.55673 0
0.75 1.70312 1
0.775 1.74871 1
0.8 1.79345 1
0.825 1.73732 1
0.85 1.88026 1
0.875 1.92225 1
0.9 1.86325 1
0.925 2.00323 1
0.95 2.04216 1
0.975 1.98001 1
1 2.11677 1
1.025 2.05241 1
1.05 2.18692 1
1.075 2.22027 1
1.1 2.25246 1
1.125 2.28348 1
1.15 2.31333 1
1.175 2.24199 1
1.2 2.26947 1
1.225 2.39577 1
1.25 2.42089 1
1.275 2.34485 1
1.3 2.46766 1
1.325 2.38932 1
1.35 2.50987 1
