1.884 0.837981 -0.6617 0.0977677 0.837081
0 0.2 0
0.025 0.1507 0
0.05 0.201762 0
0.075 0.353137 0
0.1 0.404779 0
0.125 0.45664 0
0.15 0.408671 0
0.175 0.560824 0
0.2 0.513049 0
0.225 0.665297 0
0.25 0.617518 0
0.275 0.669664 0
0.3 0.721684 0
0.325 0.87353 0
0.35 0.825153 0
0.375 0.876507 0
0.4 0.927542 0
0.425 0.978213 0
0.45 1.12847 0
0.475 1.07828 0
0.5 1.22759 0
0.525 1.27636 0
0.55 1.22455 0
0.575 1.37211 0
0.6 1.31902 0
0.625 1.46523 0
0.65 1.51071 0
0.675 1.45543 0
0.7 1.59936 0
0.725 1.54246 0
0.75 1.58471 1
0.775 1.62608 1
0.8 1.76656 1
0.825 1.80611 1
0.85 1.74473 1
0.875 1.78239 1
0.9 1.81909 1
0.925 1.8548 1
0.95 1.98952 1
0.975 1.92325 1
1 2.05598 1
1.025 2.0877 1
1.05 2.11842 1
1.075 2.04814 1
1.1 2.07687 1
1.125 2.20461 1
1.15 2.13137 1
1.175 2.25717 1
1.2 2.28202 1
1.225 2.30594 1
1.25 2.32895 1
1.275 2.35106 1
1.3 2.27231 1
1.325 2.39272 1
1.35 2.31231 1
