2 -0.89996 0.58127 2.2722 -0.438115
0 0.1 0
0.025 0.104901 0
0.05 0.209517 0
0.075 0.213904 0
0.1 0.218121 0
0.125 0.222228 0
0.15 0.226285 0
0.175 0.13035 0
0.2 0.134482 0
0.225 0.238742 0
0.25 0.243189 0
0.275 0.24788 0
0.3 0.252874 0
0.325 0.158228 0
0.35 0.163999 0
0.375 0.170241 0
0.4 0.277008 0
0.425 0.184354 0
0.45 0.19233 0
0.475 0.200985 0
0.5 0.310369 0
0.525 0.320526 0
0.55 0.331502 0
0.575 0.343339 0
0.6 0.356077 0
0.625 0.269755 0
0.65 0.284408 0
0.675 0.300069 0
0.7 0.316769 0
0.725 0.434537 0
0.75 0.453398 1
0.775 0.473375 1
0.8 0.394488 1
0.825 0.416755 1
0.85 0.44019 1
0.875 0.564806 1
0.9 0.490609 1
0.925 0.617607 1
0.95 0.545802 1
0.975 0.575195 1
1 0.605781 1
1.025 0.737555 1
1.05 0.770509 1
1.075 0.704629 1
1.1 0.839903 1
1.125 0.87631 1
1.15 0.813833 1
1.175 0.952447 1
1.2 0.892126 1
1.225 0.932842 1
1.25 1.07456 1
1.275 1.11726 1
1.3 1.16089 1
1.325 1.10542 1
1.35 1.15081 1
