1.884 -1.45335 1.29658 3.78096 -1.19716
0 0.1 0
0.02 0.107096 0
0.04 0.113876 0
0.06 0.120365 0
0.08 0.126588 0
0.1 0.232571 0
0.12 0.238341 0
0.14 0.243926 0
0.16 0.24935 0
0.18 0.254644 0
0.2 0.259832 0
0.22 0.264944 0
0.24 0.270007 0
0.26 0.175049 0
0.28 0.280098 0
0.3 0.185182 0
0.32 0.190328 0
0.34 0.195565 0
0.36 0.200919 0
0.38 0.206419 0
0.4 0.212091 0
0.42 0.317963 0
0.44 0.32406 0
0.46 0.33041 0
0.48 0.337039 0
0.5 0.243971 0
0.52 0.351232 0
0.54 0.358846 0
0.56 0.366837 0
0.58 0.275229 0
0.6 0.284045 0
0.62 0.293306 0
0.64 0.303035 0
0.66 0.313251 0
0.68 0.323976 0
0.7 0.335228 0
0.72 0.347025 0
0.74 0.459386 0
0.76 0.372327 0
0.78 0.485864 0
0.8 0.400012 1
0.82 0.514785 1
0.84 0.530196 1
0.86 0.446258 1
0.88 0.562981 1
0.9 0.480376 1
0.92 0.498452 1
0.94 0.617217 1
0.96 0.536678 1
0.98 0.656841 1
1 0.677711 1
1.02 0.699292 1
1.04 0.621587 1
1.06 0.644597 1
1.08 0.668323 1
1.1 0.792764 1
1.12 0.71792 1
1.14 0.843786 1
1.16 0.770361 1
1.18 0.897638 1
1.2 0.925612 1
1.22 0.854277 1
1.24 0.983623 1
1.26 0.913643 1
1.28 1.04433 1
1.3 1.07566 1
1.32 1.00763 1
1.34 1.14024 1
1.36 1.07345 1
1.38 1.10727 1
1.4 1.14166 1
1.42 1.27662 1
1.44 1.31213 1
1.46 1.34817 1
1.48 1.38472 1
1.5 1.32177 1
1.52 1.45928 1
1.54 1.49724 1
1.56 1.53563 1
1.58 1.47442 1
1.6 1.51359 1
1.62 1.55312 1
1.64 1.69298 1
1.66 1.63315 1
1.68 1.6736 1
1.7 1.81431 1
1.72 1.75525 1
1.74 1.79639 1
1.76 1.9377 1
1.78 1.87917 1
1.8 1.92076 1
1.82 1.96244 1
1.84 2.10419 1
1.86 2.14598 1
1.88 2.08777 1
1.9 2.12956 1
1.92 2.27129 1
1.94 2.31296 1
1.96 2.35452 1
1.98 2.39596 1
