2 -0.317416 -0.101878 1.2215 0.250366
0 0.2 0
0.025 0.112307 0
0.05 0.225204 0
0.075 0.138734 0
0.1 0.15294 0
0.125 0.167863 0
0.15 0.283542 0
0.175 0.300013 0
0.2 0.317312 0
0.225 0.335472 0
0.25 0.354523 0
0.275 0.374495 0
0.3 0.295413 0
0.325 0.417303 0
0.35 0.340185 0
0.375 0.364079 0
0.4 0.389001 0
0.425 0.414966 0
0.45 0.541985 0
0.475 0.470068 0
0.5 0.59922 0
0.525 0.629445 0
0.55 0.560745 0
0.575 0.593117 0
0.6 0.726558 0
0.625 0.661061 0
0.65 0.696616 0
0.675 0.73321 0
0.7 0.77083 0
0.725 0.809458 0
0.75 0.949074 1
0.775 0.989656 1
0.8 1.03118 1
0.825 0.973617 1
0.85 1.01694 1
0.875 1.16112 1
0.9 1.10612 1
0.925 1.2519 1
0.95 1.19843 1
0.975 1.34567 1
1 1.39357 1
1.025 1.3421 1
1.05 1.49122 1
1.075 1.54086 1
1.1 1.59099 1
1.125 1.64157 1
1.15 1.69253 1
1.175 1.64383 1
1.2 1.79542 1
1.225 1.74725 1
1.25 1.79926 1
1.275 1.85141 1
1.3 1.90363 1
1.325 2.05588 1
1.35 2.0081 1
