2 -0.659254 0.304055 3.28498 -0.197106
0 0.1 0
0.025 0.13712 0
0.05 0.27534 0
0.075 0.214632 0
0.1 0.25497 0
0.125 0.296321 0
0.15 0.438653 0
0.175 0.481931 0
0.2 0.526116 0
0.225 0.571169 0
0.25 0.517048 0
0.275 0.563711 0
0.3 0.71111 0
0.325 0.6592 0
0.35 0.807932 0
0.375 0.857255 0
0.4 0.807119 0
0.425 0.85747 0
0.45 1.00825 0
0.475 0.959418 0
0.5 1.01091 0
0.525 1.06266 0
0.55 1.21462 0
0.575 1.26674 0
0.6 1.31895 0
0.625 1.2712 0
0.65 1.42342 0
0.675 1.47557 0
0.7 1.42758 0
0.725 1.57939 0
0.75 1.53095 1
0.775 1.5822 1
0.8 1.73309 1
0.825 1.68355 1
0.85 1.73355 1
0.875 1.88301 1
0.9 1.8319 1
0.925 1.88016 1
0.95 2.02774 1
0.975 2.07459 1
1 2.12068 1
1.025 2.16594 1
1.05 2.21035 1
1.075 2.15387 1
1.1 2.29644 1
1.125 2.23805 1
1.15 2.27865 1
1.175 2.41821 1
1.2 2.45671 1
1.225 2.49411 1
1.25 2.53039 1
1.275 2.56554 1
1.3 2.59953 1
1.325 2.53235 1
1.35 2.56397 1
