1.884 0.057507 0.523459 2.38683 -0.410171
0 0.1 0
0.02 0.141789 0
0.04 0.183544 0
0.06 0.325241 0
0.08 0.266854 0
0.1 0.40836 0
0.12 0.449735 0
0.14 0.390953 0
0.16 0.431992 0
0.18 0.572829 0
0.2 0.613439 0
0.22 0.553801 0
0.24 0.693891 0
0.26 0.733688 0
0.28 0.673169 0
0.3 0.812315 0
0.32 0.851104 0
0.34 0.889517 0
0.36 0.827533 0
0.38 0.965133 0
0.4 0.902301 0
0.42 1.03902 0
0.44 0.975265 0
0.46 1.11103 0
0.48 1.14629 0
0.5 1.18104 0
0.52 1.11526 0
0.54 1.14894 0
0.56 1.18206 0
0.58 1.31462 0
0.6 1.2466 0
0.62 1.278 0
0.64 1.4088 0
0.66 1.339 0
0.68 1.46858 0
0.7 1.49755 0
0.72 1.5259 0
0.74 1.55362 0
0.76 1.48072 0
0.78 1.60718 0
0.8 1.533 0
0.82 1.65819 0
0.84 1.68275 0
0.86 1.60668 0
0.88 1.62997 0
0.9 1.75264 0
0.92 1.77469 0
0.94 1.79611 0
0.96 1.81693 0
0.98 1.83714 0
1 1.75676 1
1.02 1.87579 1
1.04 1.89424 1
1.06 1.81212 1
1.08 1.92945 1
1.1 1.84623 1
1.12 1.96248 1
1.14 1.97821 1
1.16 1.99345 1
1.18 1.90819 1
1.2 1.92247 1
1.22 2.03629 1
1.24 1.94967 1
1.26 1.96264 1
1.28 2.07521 1
1.3 1.9874 1
1.32 2.09922 1
1.34 2.01071 1
1.36 2.12188 1
1.38 2.13276 1
1.4 2.14336 1
1.42 2.1537 1
1.44 2.06382 1
1.46 2.07373 1
1.48 2.18346 1
1.5 2.19303 1
1.52 2.10246 1
1.54 2.11178 1
1.56 2.12101 1
1.58 2.23019 1
1.6 2.13932 1
1.62 2.24844 1
1.64 2.15757 1
1.66 2.26674 1
1.68 2.27597 1
1.7 2.28529 1
1.72 2.29471 1
1.74 2.30426 1
1.76 2.21398 1
1.78 2.22387 1
1.8 2.33397 1
1.82 2.3443 1
1.84 2.35488 1
1.86 2.36573 1
1.88 2.37687 1
1.9 2.28833 1
1.92 2.40013 1
1.94 2.31229 1
1.96 2.32483 1
1.98 2.33776 1
2 2.35111 1
2.02 2.4649 1
2.04 2.37913 1
2.06 2.39384 1
2.08 2.40903 1
2.1 2.52473 1
2.12 2.54094 1
2.14 2.45767 1
2.16 2.47496 1
2.18 2.49279 1
