1.884 0.405359 0.23911 1.3268 -0.0849788
0 0.1 0
0.02 0.240794 0
0.04 0.181346 0
0.06 0.321633 0
0.08 0.26163 0
0.1 0.401313 0
0.12 0.340658 0
0.14 0.479641 0
0.16 0.418242 0
0.18 0.556437 0
0.2 0.594205 0
0.22 0.631526 0
0.24 0.668379 0
0.26 0.704744 0
0.28 0.740604 0
0.3 0.77594 0
0.32 0.810735 0
0.34 0.744973 0
0.36 0.778637 0
0.38 0.811714 0
0.4 0.844188 0
0.42 0.876048 0
0.44 1.00728 0
0.46 0.937876 0
0.48 1.06782 0
0.5 0.99711 0
0.52 1.02573 0
0.54 1.15368 0
0.56 1.08095 0
0.58 1.20753 0
0.6 1.23343 0
0.62 1.15863 0
0.64 1.18313 0
0.66 1.30694 0
0.68 1.23005 0
0.7 1.25246 0
0.72 1.37418 0
0.74 1.2952 0
0.76 1.31554 0
0.78 1.43519 0
0.8 1.45417 0
0.82 1.47247 0
0.84 1.39011 0
0.86 1.5071 0
0.88 1.42344 0
0.9 1.43914 0
0.92 1.45422 0
0.94 1.56869 0
0.96 1.48256 0
0.98 1.59585 0
1 1.60857 0
1.02 1.52073 0
1.04 1.63236 0
1.06 1.54347 0
1.08 1.65408 0
1.1 1.56421 0
1.12 1.57388 0
1.14 1.6831 0
1.16 1.69191 0
1.18 1.60032 0
1.2 1.60834 1
1.22 1.61602 1
1.24 1.72336 1
1.26 1.6304 1
1.28 1.63715 1
1.3 1.74365 1
1.32 1.64991 1
1.34 1.75596 1
1.36 1.76183 1
1.38 1.66754 1
1.4 1.67313 1
1.42 1.6786 1
1.44 1.784 1
1.46 1.78935 1
1.48 1.79468 1
1.5 1.8 1
1.52 1.80536 1
1.54 1.71076 1
1.56 1.81625 1
1.58 1.82185 1
1.6 1.82759 1
1.62 1.73348 1
1.64 1.83956 1
1.66 1.74585 1
1.68 1.85238 1
1.7 1.75917 1
1.72 1.86625 1
1.74 1.87363 1
1.76 1.88135 1
1.78 1.78943 1
1.8 1.79789 1
1.82 1.90675 1
1.84 1.91604 1
1.86 1.92577 1
1.88 1.93596 1
1.9 1.94664 1
1.92 1.85782 1
1.94 1.86952 1
1.96 1.88176 1
1.98 1.99456 1
2 1.90792 1
2.02 1.92187 1
2.04 2.03643 1
2.06 1.95159 1
2.08 2.06738 1
2.1 2.0838 1
2.12 2.10088 1
2.14 2.01861 1
2.16 2.137 1
2.18 2.05607 1
2.2 2.17581 1
2.22 2.09624 1
2.24 2.21736 1
2.26 2.23918 1
2.28 2.16169 1
2.3 2.18489 1
2.32 2.30879 1
2.34 2.33339 1
2.36 2.35869 1
2.38 2.38467 1
