2 0.12534 0.5302 1.36877 -0.420205
0 0.1 0
0.02 0.128036 0
0.04 0.255384 0
0.06 0.182039 0
0.08 0.207996 0
0.1 0.233252 0
0.12 0.257807 0
0.14 0.381658 0
0.16 0.404806 0
0.18 0.327254 0
0.2 0.349002 0
0.22 0.470055 0
0.24 0.490418 0
0.26 0.410096 0
0.28 0.429096 0
0.3 0.547427 0
0.32 0.465096 0
0.34 0.482115 0
0.36 0.598494 0
0.38 0.614246 0
0.4 0.529383 0
0.42 0.543919 0
0.44 0.55787 0
0.46 0.671251 0
0.48 0.68408 0
0.5 0.596373 0
0.52 0.608149 0
0.54 0.719427 0
0.56 0.730228 0
0.58 0.740573 0
0.6 0.650483 0
0.62 0.759979 0
0.64 0.769086 0
0.66 0.777826 0
0.68 0.786224 0
0.7 0.794305 0
0.72 0.802092 0
0.74 0.709613 0
0.76 0.716892 0
0.78 0.723957 0
0.8 0.730833 0
0.82 0.837549 0
0.84 0.844131 0
0.86 0.850606 0
0.88 0.857003 0
0.9 0.763349 0
0.92 0.769671 0
0.94 0.875999 0
0.96 0.782359 0
0.98 0.888779 0
1 0.795288 0
1.02 0.801912 0
1.04 0.808679 0
1.06 0.815617 0
1.08 0.922752 0
1.1 0.930111 0
1.12 0.937719 0
1.14 0.945604 0
1.16 0.853789 0
1.18 0.862301 0
1.2 0.971164 0
1.22 0.880401 0
1.24 0.890036 0
1.26 0.900091 0
1.28 1.01059 0
1.3 1.02155 0
1.32 0.932996 0
1.34 0.944946 0
1.36 1.05742 0
1.38 0.970434 0
1.4 0.984007 0
1.42 1.09816 0
1.44 1.1129 0
1.46 1.12824 0
1.48 1.0442 0
1.5 1.1608 0
1.52 1.17804 0
1.54 1.19593 0
1.56 1.11449 0
1.58 1.23372 0
1.6 1.15363 1
1.62 1.27423 1
1.64 1.19552 1
1.66 1.21751 1
1.68 1.34019 1
1.7 1.36358 1
1.72 1.38767 1
1.74 1.31246 1
1.76 1.43796 1
1.78 1.46415 1
1.8 1.49105 1
1.82 1.41863 1
1.84 1.5469 1
1.86 1.57585 1
1.88 1.50547 1
1.9 1.53575 1
1.92 1.56669 1
1.94 1.59827 1
1.96 1.63048 1
1.98 1.66331 1
2 1.79674 1
2.02 1.73076 1
2.04 1.86536 1
2.06 1.80051 1
2.08 1.83621 1
2.1 1.87242 1
2.12 2.00914 1
2.14 2.04634 1
2.16 2.084 1
2.18 2.0221 1
2.2 2.16062 1
2.22 2.19954 1
2.24 2.23883 1
2.26 2.27847 1
2.28 2.21843 1
2.3 2.25869 1
2.32 2.29922 1
2.34 2.44001 1
2.36 2.48101 1
2.38 2.52221 1
2.4 2.56357 1
2.42 2.50508 1
2.44 2.6467 1
2.46 2.58841 1
2.48 2.73017 1
2.5 2.67197 1
2.52 2.81376 1
2.54 2.85553 1
2.56 2.79725 1
2.58 2.93889 1
2.6 2.98041 1
2.62 3.02181 1
2.64 2.96303 1
2.66 3.10407 1
2.68 3.04489 1
2.7 3.08547 1
2.72 3.22578 1
2.74 3.26579 1
2.76 3.30548 1
2.78 3.24483 1
