1.916 -0.467796 0.14266 1.1379 0.0194568
0 0.2 0
0.02 0.206196 0
0.04 0.11213 0
0.06 0.217829 0
0.08 0.123321 0
0.1 0.228635 0
0.12 0.133798 0
0.14 0.238839 0
0.16 0.143787 0
0.18 0.24867 0
0.2 0.153519 0
0.22 0.158361 0
0.24 0.263227 0
0.26 0.268144 0
0.28 0.173143 0
0.3 0.278251 0
0.32 0.183498 0
0.34 0.188912 0
0.36 0.294521 0
0.38 0.200353 0
0.4 0.306435 0
0.42 0.212796 0
0.44 0.21946 0
0.46 0.326456 0
0.48 0.233808 0
0.5 0.241541 0
0.52 0.24968 0
0.54 0.358249 0
0.56 0.267271 0
0.58 0.276769 0
0.6 0.386764 0
0.62 0.397278 0
0.64 0.30833 0
0.66 0.41994 0
0.68 0.432127 0
0.7 0.344907 0
0.72 0.458298 0
0.74 0.472314 0
0.76 0.486972 0
0.78 0.502283 0
0.8 0.518262 0
0.82 0.534919 0
0.84 0.452265 0
0.86 0.470309 0
0.88 0.58906 0
0.9 0.508525 0
0.92 0.52871 0
0.94 0.64962 0
0.96 0.571259 0
0.98 0.693629 0
1 0.616731 0
1.02 0.640567 0
1.04 0.765135 0
1.06 0.690434 0
1.08 0.81646 0
1.1 0.843209 0
1.12 0.770675 0
1.14 0.898853 0
1.16 0.927734 0
1.18 0.957309 0
1.2 0.88757 0
1.22 0.918504 0
1.24 0.950101 0
1.26 0.982346 0
1.28 1.01523 0
1.3 1.14873 0
1.32 1.08283 0
1.34 1.21752 0
1.36 1.25278 0
1.38 1.28859 0
1.4 1.22493 0
1.42 1.26178 0
1.44 1.39912 0
1.46 1.33692 0
1.48 1.37517 0
1.5 1.41384 0
1.52 1.55291 0
1.54 1.49234 0
1.56 1.63212 0
1.58 1.67223 0
1.6 1.61262 0
1.62 1.75328 0
1.64 1.79419 0
1.66 1.8353 0
1.68 1.8766 0
1.7 1.91805 0
1.72 1.95963 0
1.74 1.90131 0
1.76 1.94306 0
1.78 1.98484 0
1.8 2.12664 0
1.82 2.06842 0
1.84 2.11016 0
1.86 2.25181 0
1.88 2.19337 0
1.9 2.23479 0
1.92 2.37604 0
1.94 2.31711 0
1.96 2.45796 0
1.98 2.39856 0
2 2.43889 0
2.02 2.47892 0
2.04 2.51863 0
2.06 2.65798 0
2.08 2.59695 0
2.1 2.63552 0
2.12 2.77367 0
2.14 2.81137 0
2.16 2.8486 0
2.18 2.78533 0
2.2 2.92155 0
2.22 2.95723 0
2.24 2.89236 0
2.26 2.92691 0
2.28 2.96087 0
2.3 3.09423 0
2.32 3.12696 0
2.34 3.15906 0
2.36 3.1905 0
2.38 3.12128 0
2.4 3.25138 0
2.42 3.18079 0
2.44 3.20951 0
2.46 3.23752 0
2.48 3.26482 0
2.5 3.3914 0
2.52 3.31726 0
2.54 3.44239 0
2.56 3.46678 0
2.58 3.39045 0
2.6 3.51338 0
2.62 3.53558 0
2.64 3.45704 0
2.66 3.57778 0
2.68 3.4978 0
2.7 3.5171 0
2.72 3.63568 0
2.74 3.65356 0
2.76 3.57075 0
2.78 3.58724 0
2.8 3.60307 0
2.82 3.71822 0
2.84 3.73273 0
2.86 3.6466 0
2.88 3.75984 0
2.9 3.67248 0
2.92 3.78453 0
2.94 3.79601 0
2.96 3.80694 0
2.98 3.81733 0
3 3.8272 0
3.02 3.83659 0
3.04 3.8455 0
3.06 3.85397 0
3.08 3.86201 0
3.1 3.86965 0
3.12 3.77692 0
3.14 3.88383 0
3.16 3.79043 0
3.18 3.79672 0
3.2 3.90274 1
3.22 3.90852 1
3.24 3.91408 1
3.26 3.91945 1
3.28 3.82466 1
3.3 3.82974 1
3.32 3.83472 1
3.34 3.83962 1
3.36 3.94448 1
3.38 3.84932 1
3.4 3.85418 1
3.42 3.95907 1
3.44 3.96404 1
3.46 3.86911 1
3.48 3.9743 1
3.5 3.87965 1
3.52 3.88519 1
3.54 3.99094 1
3.56 3.99694 1
3.58 4.0032 1
3.6 3.90975 1
3.62 3.91663 1
3.64 3.92386 1
3.66 4.03146 1
3.68 3.93945 1
3.7 4.04787 1
3.72 4.05673 1
3.74 3.96606 1
3.76 4.07588 1
3.78 4.08621 1
3.8 3.99708 1
3.82 4.00849 1
3.84 4.12048 1
3.86 4.03305 1
3.88 4.04623 1
3.9 4.16003 1
3.92 4.07446 1
3.94 4.08954 1
3.96 4.20529 1
3.98 4.22171 1
4 4.13882 1
4.02 4.15662 1
4.04 4.27512 1
4.06 4.29434 1
4.08 4.21427 1
4.1 4.23493 1
4.12 4.35632 1
4.14 4.27843 1
4.16 4.40128 1
4.18 4.42487 1
4.2 4.44918 1
4.22 4.47423 1
4.24 4.5 1
4.26 4.4265 1
4.28 4.55372 1
4.3 4.58165 1
4.32 4.61029 1
4.34 4.53962 1
4.36 4.56965 1
4.38 4.60035 1
