1.945 0.515901 0.137962 1.04971 0.0126506
0 0.2 0
0.02 0.140921 0
0.04 0.181595 0
0.06 0.221991 0
0.08 0.26208 0
0.1 0.401833 0
0.12 0.341222 0
0.14 0.380219 0
0.16 0.518797 0
0.18 0.456929 0
0.2 0.594589 0
0.22 0.531752 0
0.24 0.668393 0
0.26 0.70449 0
0.28 0.640018 0
0.3 0.674956 0
0.32 0.809282 0
0.34 0.842978 0
0.36 0.876022 0
0.38 0.808398 0
0.4 0.940088 0
0.42 0.971075 0
0.44 1.00134 0
0.46 1.03088 0
0.48 0.959677 0
0.5 0.987715 0
0.52 1.11499 0
0.54 1.14148 0
0.56 1.06719 0
0.58 1.19211 0
0.6 1.21623 0
0.62 1.23955 0
0.64 1.26206 0
0.66 1.28376 0
0.68 1.20466 0
0.7 1.32474 0
0.72 1.34402 0
0.74 1.26249 0
0.76 1.28016 0
0.78 1.29703 0
0.8 1.31312 0
0.82 1.42842 0
0.84 1.34295 0
0.86 1.45671 0
0.88 1.36972 0
0.9 1.48199 0
0.92 1.49353 0
0.94 1.50436 0
0.96 1.41449 0
0.98 1.42394 0
1 1.43272 0
1.02 1.54086 0
1.04 1.54837 0
1.06 1.55527 0
1.08 1.4616 0
1.1 1.46735 0
1.12 1.57257 0
1.14 1.47728 0
1.16 1.58149 0
1.18 1.58524 0
1.2 1.58855 0
1.22 1.49145 0
1.24 1.59396 0
1.26 1.59612 0
1.28 1.59795 0
1.3 1.59947 0
1.32 1.50073 0
1.34 1.50175 0
1.36 1.60256 0
1.38 1.50319 0
1.4 1.50368 0
1.42 1.60404 0
1.44 1.60432 0
1.46 1.60455 0
1.48 1.50475 0
1.5 1.60496 0
1.52 1.50521 0
1.54 1.60553 0
1.56 1.60596 0
1.58 1.50651 0
1.6 1.60724 0
1.62 1.60816 0
1.64 1.6093 0
1.66 1.5107 0
1.68 1.51239 0
1.7 1.61439 0
1.72 1.51674 0
1.74 1.61946 0
1.76 1.62258 0
1.78 1.62612 0
1.8 1.53012 0
1.82 1.6346 0
1.84 1.63958 0
1.86 1.64509 0
1.88 1.55115 0
1.9 1.65778 0
1.92 1.56501 0
1.94 1.57286 0
1.96 1.68135 0
1.98 1.69049 0
2 1.70031 0
2.02 1.61081 0
2.04 1.62202 0
2.06 1.63396 0
2.08 1.74663 0
2.1 1.66004 0
2.12 1.67422 0
2.14 1.78917 0
2.16 1.80489 0
2.18 1.8214 0
2.2 1.83871 0
2.22 1.75681 0
2.24 1.77572 0
2.26 1.79544 0
2.28 1.91596 0
2.3 1.83729 0
2.32 1.95944 0
2.34 1.98239 0
2.36 2.00614 0
2.38 2.03069 0
2.4 2.05604 0
2.42 2.08218 0
2.44 2.00909 0
2.46 2.03678 0
2.48 2.16523 0
2.5 2.09443 0
2.52 2.22437 0
2.54 2.25503 0
2.56 2.1864 0
2.58 2.31846 0
2.6 2.3512 0
2.62 2.3846 0
2.64 2.41864 0
2.66 2.4533 0
2.68 2.38856 0
2.7 2.4244 0
2.72 2.4608 0
2.74 2.49772 0
2.76 2.63516 0
2.78 2.67308 0
2.8 2.71146 0
2.82 2.65026 0
2.84 2.68948 0
2.86 2.82907 0
2.88 2.76901 0
2.9 2.90927 0
2.92 2.94982 0
2.94 2.99063 0
2.96 2.93167 0
2.98 2.97291 0
3 3.01433 0
3.02 3.15588 0
3.04 3.19754 0
3.06 3.13928 0
3.08 3.18107 0
3.1 3.22287 0
3.12 3.26465 0
3.14 3.40638 0
3.16 3.34803 0
3.18 3.48957 0
3.2 3.43097 0
3.22 3.57219 0
3.24 3.51321 0
3.26 3.654 0
3.28 3.59452 0
3.3 3.63475 0
3.32 3.77465 0
3.34 3.71421 0
3.36 3.75338 0
3.38 3.79214 0
3.4 3.83047 0
3.42 3.96834 0
3.44 3.90573 0
3.46 3.9426 0
3.48 3.97894 0
3.5 4.01472 0
3.52 4.14992 0
3.54 4.18452 0
3.56 4.11849 0
3.58 4.25182 0
3.6 4.28449 0
3.62 4.21649 0
3.64 4.34778 0
3.66 4.37837 0
3.68 4.40823 0
3.7 4.43735 0
3.72 4.46572 0
3.74 4.49333 0
3.76 4.42017 0
3.78 4.54622 0
3.8 4.47149 0
3.82 4.59596 0
3.84 4.51963 0
3.86 4.64249 0
3.88 4.56455 0
3.9 4.6858 0
3.92 4.70624 0
3.94 4.62587 0
3.96 4.7447 0
3.98 4.66272 0
4 4.67994 0
4.02 4.79637 0
4.04 4.81201 0
4.06 4.82688 0
4.08 4.84098 0
4.1 4.75432 0
4.12 4.86691 0
4.14 4.77877 0
4.16 4.88991 0
4.18 4.90034 0
4.2 4.81008 0
4.22 4.91916 0
4.24 4.82758 0
4.26 4.93536 0
4.28 4.84253 0
4.3 4.9491 0
4.32 4.85511 0
4.34 4.96056 0
4.36 4.86549 0
4.38 4.86991 0
4.4 4.97386 0
4.42 4.97736 0
4.44 4.98044 0
4.46 4.98311 0
4.48 4.88542 0
4.5 4.88739 0
4.52 4.88905 0
4.54 4.99042 0
4.56 4.89154 0
4.58 4.89244 0
4.6 4.99314 0
4.62 4.89369 0
4.64 4.9941 0
4.66 4.99441 0
4.68 4.99466 0
4.7 4.99487 0
4.72 4.99507 0
4.74 4.9953 0
4.76 4.99559 0
4.78 4.89596 0
4.8 4.89646 1
4.82 4.99711 1
4.84 4.99794 1
4.86 4.89898 1
4.88 4.90026 1
4.9 5.00182 1
4.92 5.00368 1
4.94 4.90588 1
4.96 5.00843 1
4.98 4.91137 1
5 5.01472 1
5.02 4.91852 1
5.04 5.02278 1
5.06 4.92754 1
5.08 5.03281 1
5.1 5.03863 1
5.12 4.94501 1
5.14 4.95198 1
5.16 4.95955 1
5.18 4.96776 1
5.2 4.97661 1
5.22 4.98613 1
5.24 5.09633 1
5.26 5.10723 1
5.28 5.11884 1
5.3 5.03119 1
5.32 5.04428 1
5.34 5.05812 1
5.36 5.17273 1
5.38 5.08811 1
5.4 5.10427 1
5.42 5.12123 1
5.44 5.23898 1
5.46 5.15754 1
5.48 5.1769 1
5.5 5.19707 1
5.52 5.31805 1
5.54 5.23984 1
5.56 5.26243 1
5.58 5.28583 1
5.6 5.31004 1
5.62 5.43504 1
5.64 5.36083 1
5.66 5.4874 1
5.68 5.41475 1
5.7 5.44287 1
5.72 5.47174 1
5.74 5.50136 1
5.76 5.5317 1
5.78 5.56276 1
5.8 5.69453 1
5.82 5.62697 1
5.84 5.66008 1
5.86 5.69385 1
5.88 5.82824 1
5.9 5.86324 1
5.92 5.79883 1
5.94 5.83498 1
5.96 5.97168 1
5.98 5.90889 1
