633.385 0.45 0.581237 0
572.502 0.481962 0.556825 0.0319619
497.989 0.568822 0.521342 0.118822
4367.41 2.90577 1.07159 2.45577
3763.33 2.95153 0.978468 2.50153
3243.87 2.99861 0.893108 2.54861
2438.71 3.06354 0.80011 2.61354
1286.38 3.18787 0.635851 2.73787
1207.76 3.22352 0.599199 2.77352
1148.09 3.26605 0.542658 2.81605
889.879 3.34343 0.429239 2.89343
720.603 3.39049 0.366327 2.94049
636.038 3.41858 0.342153 2.96858
552.686 3.47083 0.295342 3.02083
470.635 3.51353 0.258778 3.06353
388.718 3.5723 0.2086 3.1223
319.584 3.62232 0.168265 3.17232
265.837 3.67395 0.119861 3.22395
228.106 3.70537 0.102705 3.25537
202.422 3.74343 0.0781211 3.29343
179.132 3.7973 0.050669 3.3473
197.043 3.85212 1.27412 3.40212
204.341 3.89528 1.24555 3.44528
207.471 3.94222 1.20832 3.49222
205.813 3.99558 1.16604 3.54558
199.265 4.02052 1.13667 3.57052
197.974 4.06024 1.10958 3.61024
195.235 4.11547 1.08841 3.66547
186.607 4.15177 1.10561 3.70177
179.49 4.19213 1.08813 3.74213
171.958 4.23437 1.06075 3.78437
164.341 4.30706 1.02999 3.85706
149.382 4.34009 1.0128 3.89009
138.92 4.37834 0.998291 3.92834
130.121 4.41983 0.968463 3.96983
121.546 4.45672 0.94185 4.00672
114.842 4.51155 0.90661 4.06155
1416.03 10.2577 0.170338 9.80765
978.746 10.3132 0.122765 9.86322
1715.85 10.3502 1.34012 9.90024
2087.91 10.387 1.32069 9.93702
2239.55 10.4212 1.30744 9.97117
2270.34 10.4531 1.29153 10.0031
1980.13 10.5085 1.30313 10.0585
1751.12 10.5522 1.26544 10.1022
1513.46 10.6094 1.25875 10.1594
1279.76 10.6596 0.865674 10.2096
1152.33 10.6975 0.864688 10.2475
1079.68 10.7295 0.859672 10.2795
1133.86 13.2826 0.432645 12.8326
1955.3 13.3212 1.21992 12.8712
2300.34 13.3618 1.17341 12.9118
