633.385 0.45 0.581237 0
572.502 0.481962 0.556825 0.0319619
497.989 0.568822 0.521342 0.118822
-11.8064 2.90577 -0.185043 2.45577
-248.414 2.95153 -0.27817 2.50153
-429.388 2.99861 -0.363529 2.54861
-506.906 3.06354 -0.456527 2.61354
-417.712 3.18787 -0.620786 2.73787
-518.991 3.22352 -0.657438 2.77352
-612.621 3.26605 -0.713979 2.81605
-591.3 3.34343 -0.827398 2.89343
-578.925 3.39049 -0.89031 2.94049
-595.003 3.41858 -0.914484 2.96858
-593.8 3.47083 -0.961295 3.02083
-573.091 3.51353 -0.99786 3.06353
-534.167 3.5723 -1.04804 3.1223
-492.762 3.62232 -1.08837 3.17232
-459.326 3.67395 -1.13678 3.22395
-437.49 3.70537 -1.15393 3.25537
-428.41 3.74343 -1.17852 3.29343
-416.499 3.7973 -1.20597 3.3473
-393.219 3.85212 -1.23916 3.40212
-368.221 3.89528 -1.26772 3.44528
-348.71 3.94222 -1.30495 3.49222
-329.923 3.99558 -1.34723 3.54558
-309.426 4.02052 -1.37661 3.57052
-300.632 4.06024 -1.4037 3.61024
-291.655 4.11547 -1.42486 3.66547
-274.469 4.15177 -1.40767 3.70177
-261.024 4.19213 -1.42515 3.74213
-248.334 4.23437 -1.45253 3.78437
-236.391 4.30706 -1.48328 3.85706
-214.58 4.34009 -1.50048 3.89009
-199.532 4.37834 -1.51498 3.92834
-187.292 4.41983 -1.54481 3.96983
-175.626 4.45672 -1.57142 4.00672
-166.826 4.51155 -1.60666 4.06155
1416.03 10.2577 0.170338 9.80765
978.746 10.3132 0.122765 9.86322
777.036 10.3502 0.0834785 9.90024
621.852 10.387 0.0640481 9.93702
499.804 10.4212 0.0508013 9.97117
403.604 10.4531 0.03489 10.0031
296.299 10.5085 0.0464888 10.0585
219.167 10.5522 0.00880463 10.1022
161.028 10.6094 0.00211103 10.1594
56.1354 10.6596 -0.390963 10.2096
-9.6102 10.6975 -0.391949 10.2475
-56.9612 10.7295 -0.396965 10.2795
1133.86 13.2826 0.432645 12.8326
759.899 13.3212 -0.0367129 12.8712
482.688 13.3618 -0.0832289 12.9118
