-459.801 0.45 -0.28771 0
-640.908 0.491161 -0.341207 0.0411613
-522.911 0.611709 -0.595455 0.161709
-637.823 0.709699 -0.858387 0.259699
-805.421 0.757884 -0.915218 0.307884
-970.142 0.787293 -0.971057 0.337293
-1035.42 0.836349 -1.04815 0.386348
-1010.21 0.882729 -1.11874 0.432729
-875.835 0.95224 -1.22486 0.502239
-831.638 0.98649 -1.29595 0.53649
-817.999 1.0265 -1.33621 0.5765
-805.114 1.06687 -1.39062 0.616869
-783.005 1.11091 -1.42215 0.660911
-760.312 1.14772 -1.47311 0.69772
-737.515 1.19157 -1.50592 0.741568
-693.767 1.25451 -1.57839 0.804511
-647.817 1.28564 -1.59122 0.835642
-626.736 1.31221 -1.61226 0.862209
-445.397 1.54815 -1.79821 1.09815
-359.09 1.60302 -1.83137 1.15302
-329.553 1.6363 -1.85132 1.1863
-321.456 1.67605 -1.87378 1.22605
-317.856 1.71409 -1.88776 1.26409
-314.454 1.74559 -1.9135 1.29559
-314.029 1.78553 -1.92962 1.33553
-311.894 1.84407 -1.96068 1.39407
-297.609 1.90223 -1.98291 1.45223
-275.885 1.94025 -2.00646 1.49025
-257.546 1.9757 -2.02941 1.5257
-242.895 2.02374 -2.05769 1.57374
-226.097 2.06872 -2.07444 1.61872
-209.588 2.11724 -2.10206 1.66724
-192.635 2.16235 -2.12746 1.71235
-177.31 2.22043 -2.15833 1.77043
-159.979 2.25604 -2.17754 1.80604
-145.86 2.28532 -2.19637 1.83532
-135.726 2.32825 -2.21876 1.87825
-126.405 2.37832 -2.25416 1.92832
-116.827 2.4288 -2.2978 1.9788
-107.455 2.48092 -2.35192 2.03092
-98.3435 2.53226 -2.39752 2.08226
-88.9044 2.55705 -2.42566 2.10705
-82.2337 2.59328 -2.45176 2.14328
-76.4354 2.62788 -2.49137 2.17788
-72.2089 2.68372 -2.56035 2.23372
-67.055 2.72157 -2.60934 2.27157
-63.0384 2.77539 -2.67205 2.32539
-58.6482 2.81668 -2.72095 2.36668
-55.0203 2.86704 -2.80738 2.41704
-51.24 2.90255 -2.84938 2.45255
-48.3079 2.94886 -2.91044 2.49886
-45.5521 2.99169 -2.98251 2.54169
-43.2381 3.04118 -3.06342 2.59118
-40.9283 3.08147 -3.14738 2.63147
-39.1767 3.13614 -3.23174 2.68614
-37.8494 3.57592 -2.86469 3.12592
-31.7034 3.6596 -3.15176 3.2096
-27.5023 3.70478 -3.22277 3.25478
-24.5887 3.74268 -3.33783 3.29268
-22.467 3.80579 -3.44232 3.35579
-20.7718 3.82533 -3.50617 3.37533
-19.4928 3.85784 -3.5719 3.40784
-18.4914 3.91186 -3.66566 3.46186
-17.5966 3.93972 -3.73121 3.48972
-16.8906 4.00038 -3.81514 3.55038
-16.223 4.04278 -3.92742 3.59278
-15.6365 4.09297 -3.99583 3.64297
-15.0845 4.13168 -4.08036 3.68168
-14.5632 4.15683 -4.11915 3.70683
-14.9537 4.30854 -4.32079 3.85854
-15.1329 4.34702 -4.36384 3.89702
-15.3744 4.39492 -4.41514 3.94492
-15.6368 4.45096 -4.49318 4.00096
-15.8406 4.48151 -4.56193 4.03151
-16.0835 4.52442 -4.59118 4.07442
-16.3838 4.56544 -4.62357 4.11544
-16.9282 4.6118 -4.66861 4.1618
-17.393 4.65745 -4.70377 4.20745
-17.9476 4.70091 -4.74663 4.25091
-18.5551 4.75678 -4.79343 4.30678
-19.1147 4.78806 -4.82063 4.33806
-19.5417 4.82481 -4.83956 4.37481
-19.9767 4.86549 -4.86718 4.41549
-20.4833 4.92066 -4.89017 4.47066
-21.0278 4.95222 -4.90859 4.50222
-21.6014 5.00115 -4.94795 4.55115
-22.1859 5.05234 -4.97845 4.60234
-22.7385 5.1026 -5.00521 4.6526
-23.346 5.1354 -5.02434 4.6854
-24.0203 5.17317 -5.03853 4.72317
-24.7539 5.21793 -5.0671 4.76793
-25.5389 5.26079 -5.09701 4.81079
-26.355 5.31514 -5.12223 4.86514
-27.2376 5.34827 -5.13973 4.89827
-28.149 5.40891 -5.16685 4.95891
-29.0628 5.43706 -5.18288 4.98706
-30.0681 5.47828 -5.19904 5.02828
-30.4112 5.51173 -5.1986 5.06173
-30.7517 5.56006 -5.22993 5.11006
-31.2572 5.60085 -5.25595 5.15085
-31.7514 5.65795 -5.29927 5.20795
-530.329 7.29872 -0.564462 6.84872
-911.153 7.32504 -0.619543 6.87504
-1195.49 7.36024 -0.667163 6.91024
-1208.44 7.40777 -0.733695 6.95777
-1029.57 7.46766 -0.858102 7.01766
-998.727 7.50211 -0.91876 7.05211
-940.798 7.55481 -1.00574 7.10481
-875.461 7.60687 -1.07647 7.15687
-873.655 7.63434 -1.13437 7.18434
-866.111 7.68414 -1.18354 7.23414
-821.372 7.73964 -1.26312 7.28964
-793.154 7.77466 -1.31475 7.32466
-765.568 7.82959 -1.35971 7.37959
-722.586 7.88206 -1.41114 7.43206
-677.377 7.93844 -1.47992 7.48844
-645.192 7.96753 -1.50527 7.51753
-631.994 8.01371 -1.52347 7.56371
-610.037 8.05978 -1.5617 7.60978
-581.615 8.1101 -1.59791 7.6601
-545.745 8.1629 -1.62341 7.7129
-399.142 8.36928 -1.80125 7.91928
-313.346 8.43608 -1.88468 7.98608
-276.215 8.48854 -1.91337 8.03854
-256.412 8.53339 -1.93483 8.08339
-242.768 8.55857 -1.95284 8.10857
-239.628 8.60888 -1.96906 8.15888
-232.866 8.65836 -1.99041 8.20836
-222.026 8.69128 -2.0125 8.24128
-214.389 8.73491 -2.03571 8.28491
-206.06 8.79416 -2.06844 8.34416
-192.292 8.84735 -2.09541 8.39735
-176.757 8.88793 -2.12027 8.43793
-163.238 8.92749 -2.13812 8.47749
-151.254 8.96572 -2.1574 8.51572
-141.702 9.02618 -2.19158 8.57618
-129.25 9.06417 -2.21831 8.61417
-119.689 9.12364 -2.27818 8.67364
-109.234 9.18061 -2.33695 8.73061
-98.5818 9.2204 -2.38166 8.7704
-89.9537 9.26208 -2.42702 8.81208
-82.5796 9.30287 -2.47488 8.85287
-75.899 9.33375 -2.50908 8.88375
-71.6852 9.40112 -2.58405 8.95112
-66.2738 9.45305 -2.66042 9.00305
-61.2317 9.50349 -2.72905 9.05349
-55.9542 9.52317 -2.76626 9.07317
-52.8731 9.5764 -2.82271 9.1264
-51.041 9.70085 -3.02969 9.25084
-46.3084 9.74182 -3.08132 9.29182
-42.9706 9.80672 -3.19223 9.35672
-39.4809 9.83022 -3.26142 9.38022
-37.2122 9.87345 -3.34157 9.42345
-35.35 9.91661 -3.40398 9.46661
-33.9531 9.96966 -3.51 9.51966
-32.6736 10.0196 -3.60645 9.56958
-31.7376 10.0848 -3.73235 9.63478
-30.5338 10.1237 -3.84193 9.67369
-29.5037 10.158 -3.90261 9.70803
-28.8644 10.2107 -3.99416 9.76072
-28.1798 10.2565 -4.06964 9.80649
-27.6176 10.3093 -4.16691 9.85935
-27.0911 10.3667 -4.30156 9.91673
-26.4629 10.4148 -4.41736 9.96484
-25.6925 10.4397 -4.45984 9.98966
-25.111 10.4756 -4.52788 10.0256
-24.722 10.5387 -4.66786 10.0887
-24.1315 10.5836 -4.75028 10.1336
-23.4886 10.6193 -4.81477 10.1693
-22.9207 10.6698 -4.90897 10.2198
-22.4815 10.9062 -5.32575 10.4562
-22.7522 10.9999 -5.57627 10.5499
-23.0291 11.0658 -5.67088 10.6158
-23.1323 11.0915 -5.7047 10.6415
-23.364 11.1372 -5.75714 10.6872
-23.436 11.1884 -5.81164 10.7384
-23.7593 11.2343 -5.85023 10.7843
-24.0493 11.2783 -5.89056 10.8283
-24.344 11.3211 -5.92959 10.8711
-24.6684 11.3909 -5.99301 10.9409
-24.2273 11.4172 -6.0247 10.9672
-24.6019 11.451 -6.0504 11.001
-25.0334 11.4911 -6.06852 11.0411
-25.4777 11.5347 -6.09757 11.0847
-25.9328 11.5905 -6.13358 11.1405
-26.5606 11.6299 -6.16386 11.1799
-27.1571 11.6659 -6.18692 11.2159
-27.9646 11.7337 -6.23131 11.2837
-28.8126 11.7621 -6.24729 11.3121
-29.7146 11.8003 -6.26414 11.3503
-30.6964 11.842 -6.28652 11.392
-31.8963 11.8814 -6.29953 11.4314
-33.1821 11.9381 -6.32215 11.4881
-34.5312 12.0025 -6.35598 11.5525
-35.7167 12.0426 -6.38812 11.5926
-37.1802 12.0816 -6.40561 11.6316
-38.6802 12.123 -6.42467 11.673
-40.2818 12.168 -6.43073 11.718
-41.9344 12.2263 -6.4614 11.7763
-43.4631 12.2736 -6.49116 11.8236
-42.467 12.3284 -6.52595 11.8784
-42.4355 12.3655 -6.56178 11.9155
-42.6081 12.4052 -6.5874 11.9552
-42.952 12.4482 -6.61853 11.9982
-43.8192 12.5015 -6.63366 12.0515
-44.2844 12.6568 -6.80309 12.2068
-43.9715 12.69 -6.86796 12.24
-44.1029 12.7321 -6.9143 12.2821
-44.13 12.7813 -6.96497 12.3313
-43.8713 12.8402 -7.06746 12.3902
-43.6538 12.8919 -7.13745 12.4419
-43.7191 12.9603 -7.24734 12.5103
-43.7478 12.988 -7.30457 12.538
-43.9929 13.0204 -7.3404 12.5704
-43.9874 13.0667 -7.38841 12.6167
-44.4007 13.0948 -7.45682 12.6448
-44.6173 13.1354 -7.52484 12.6854
-45.016 13.1979 -7.60902 12.7479
-45.6674 13.2473 -7.7088 12.7973
-46.708 13.4388 -8.1429 12.9888
-46.6314 13.4808 -8.23557 13.0308
2792.5 15.393 0.559823 14.943
1998.09 15.4612 0.535289 15.0112
1904.32 15.4901 0.506451 15.0401
1848.83 15.5181 0.490967 15.0681
1560.19 15.566 0.468736 15.116
1192.61 15.6205 0.4317 15.1705
964.197 15.6678 0.406799 15.2178
830.707 15.7116 0.423322 15.2616
678.728 15.7744 0.36814 15.3244
601.582 15.8039 0.33996 15.3539
544.817 15.8475 0.306688 15.3975
484.895 15.889 0.260333 15.439
427.683 15.9322 0.229921 15.4822
371.159 15.9764 0.173496 15.5264
315.743 16.0274 0.127208 15.5774
256.379 16.0903 0.0422221 15.6403
208.623 16.1265 -0.0383238 15.6765
174.479 16.1694 -0.0852379 15.7194
143.97 16.2197 -0.150752 15.7697
115.995 16.263 -0.21539 15.813
92.0185 16.3084 -0.277704 15.8584
71.5486 16.3397 -0.321864 15.8897
54.0047 16.3938 -0.408808 15.9438
34.7377 16.4493 -0.538997 15.9993
17.6742 16.47 -0.578856 16.02
3.72803 16.5115 -0.647892 16.0615
-4.72754 16.5664 -0.737503 16.1164
-12.7782 16.6112 -0.823426 16.1612
-21.0174 16.6616 -0.92722 16.2116
-27.7051 16.7325 -1.05315 16.2825
-32.2215 16.7559 -1.13923 16.3059
-36.5037 16.7907 -1.19493 16.3407
-40.2795 16.843 -1.25937 16.393
-40.4568 17.0687 -1.8085 16.6187
265.869 29.6317 -0.0883469 29.1817
26.8907 29.6881 -0.187983 29.2381
-117.545 29.7421 -0.270293 29.2921
-222.127 29.7835 -0.329677 29.3335
-296.101 29.8491 -0.470287 29.3991
-339.916 29.9065 -0.541072 29.4565
-380.868 29.9617 -0.656439 29.5117
-426.306 30.0022 -0.736787 29.5522
-458.336 30.0542 -0.837625 29.6042
-452.711 30.1248 -0.98099 29.6748
-466.912 30.1605 -1.10135 29.7105
-486.47 30.2049 -1.16476 29.7549
-490.737 30.2626 -1.28015 29.8126
-482.998 30.3148 -1.39387 29.8648
-472.5 30.3681 -1.50119 29.9181
-456.564 30.4292 -1.62609 29.9792
-445.308 30.4597 -1.71789 30.0097
-447.026 30.5058 -1.79827 30.0558
-443.93 30.5461 -1.8774 30.0961
-440.254 30.5946 -1.98345 30.1446
-379.493 30.7626 -2.42598 30.3126
-325.751 30.7826 -2.46666 30.3326
-310.218 30.8304 -2.51334 30.3804
-300.463 30.8819 -2.59188 30.4319
-291.175 30.9358 -2.6735 30.4858
723.832 32.2757 0.0938325 31.8257
542.171 32.3154 0.0647309 31.8654
400.58 32.3592 0.0425811 31.9092
275.322 32.4046 -0.00140354 31.9546
164.593 32.4642 -0.034111 32.0142
84.6336 32.5148 -0.0979243 32.0648
17.159 32.5859 -0.155239 32.1359
-29.4212 32.6127 -0.203175 32.1627
-67.9865 32.6229 -0.213948 32.1729
-106.059 32.6676 -0.248424 32.2176
-123.185 32.7362 -0.289783 32.2862
-105.322 32.9131 -0.589253 32.4631
-125.192 32.9251 -0.607236 32.4751
-152.369 33.004 -0.682861 32.554
-173.569 33.0454 -0.773026 32.5954
-194.745 33.0873 -0.84009 32.6373
-213.079 33.1306 -0.917766 32.6806
-224.938 33.1931 -1.0375 32.7431
-205.838 33.3204 -1.30502 32.8704
-188.275 33.3737 -1.43208 32.9237
-182.221 33.4291 -1.54236 32.9791
-179.482 33.4661 -1.6101 33.0161
-181.23 33.5236 -1.73592 33.0736
-179.291 33.5559 -1.83015 33.1059
-180.42 33.6042 -1.89291 33.1542
-178.789 33.6477 -1.9919 33.1977
-176.421 33.6974 -2.10204 33.2474
-171.143 33.738 -2.17575 33.288
-166.736 33.7991 -2.28707 33.3491
-157.786 33.8381 -2.39861 33.3881
-150.239 33.8736 -2.46585 33.4236
-144.483 33.9175 -2.53079 33.4675
-137.964 33.9552 -2.60871 33.5052
-132.775 34.0064 -2.70919 33.5564
-126.427 34.0638 -2.83064 33.6138
-117.95 34.1063 -2.9019 33.6563
-109.963 34.137 -2.98368 33.687
-103.152 34.1577 -3.03131 33.7077
-101.65 34.2517 -3.15386 33.8017
-93.651 34.3012 -3.24001 33.8512
-85.5814 34.5352 -3.55608 34.0852
-68.6293 34.6312 -3.61663 34.1812
-56.9048 34.6847 -3.6694 34.2347
-49.379 34.7457 -3.75654 34.2957
1223.56 36.2602 0.092692 35.8102
782.627 36.3088 0.0195449 35.8588
495.432 36.3567 -0.0345476 35.9067
1067.05 38.3687 0.347957 37.9187
837.172 38.4657 0.296568 38.0157
829.207 38.4947 0.28965 38.0447
677.06 38.5578 0.286536 38.1078
324.743 38.7002 0.308974 38.2502
15.5179 40.0626 -0.195099 39.6126
-252.057 40.1019 -0.270029 39.6519
-406.535 40.1387 -0.297138 39.6887
-499.095 40.2002 -0.464564 39.7502
-616.464 40.2317 -0.514083 39.7817
-612.292 40.3086 -0.656604 39.8586
-709.125 40.3386 -0.771315 39.8886
-803.29 40.376 -0.836374 39.926
-866.565 40.4131 -0.89674 39.9631
-857.079 40.47 -1.01791 40.02
-826.558 40.5179 -1.10637 40.0679
-816.284 40.5581 -1.19211 40.1081
-789.899 40.6148 -1.30278 40.1648
-783.263 40.6423 -1.38276 40.1923
-788.583 40.6868 -1.45298 40.2368
-781.516 40.7219 -1.49682 40.2719
-773.222 40.7688 -1.6401 40.3188
-738.009 40.8255 -1.73468 40.3755
-619.411 40.9395 -1.90938 40.4895
-544.208 40.9809 -1.98058 40.5309
-516.899 41.0134 -2.01799 40.5634
-507.465 41.0753 -2.08276 40.6253
-486.217 41.1258 -2.16406 40.6758
-465.714 41.1539 -2.20603 40.7039
-458.701 41.2139 -2.24691 40.7639
-435.936 41.2712 -2.31101 40.8212
-406.586 41.2936 -2.33997 40.8436
-394.311 41.3384 -2.3682 40.8884
-378.888 41.3954 -2.42637 40.9454
-354.486 41.4532 -2.4662 41.0032
-325.761 41.497 -2.49285 41.047
-302.082 41.5591 -2.53107 41.1091
-274.449 41.5982 -2.56163 41.1482
-252.551 41.6293 -2.57778 41.1793
-237.158 41.6682 -2.59178 41.2182
-224.361 41.7184 -2.61454 41.2684
-210.388 41.7738 -2.66032 41.3238
-193.533 41.8128 -2.67274 41.3628
-180.532 41.8694 -2.70725 41.4194
-165.212 41.9065 -2.72675 41.4565
-152.942 41.9484 -2.74531 41.4984
-142.073 41.993 -2.75478 41.543
-132.431 42.0468 -2.78248 41.5968
-122.286 42.097 -2.80863 41.647
-112.422 42.1424 -2.82611 41.6924
-104.304 42.2063 -2.85196 41.7563
-95.8831 42.4385 -3.01149 41.9885
-77.8818 42.4713 -3.03817 42.0213
-66.8961 42.5463 -3.10324 42.0963
-57.9031 42.5724 -3.14317 42.1224
-52.0245 42.6177 -3.17193 42.1677
-47.5314 42.6643 -3.23792 42.2143
-43.9316 42.7095 -3.28366 42.2595
-41.24 42.7712 -3.36555 42.3212
-38.785 42.8305 -3.44132 42.3805
-36.4559 42.8755 -3.51381 42.4255
-34.3349 42.9025 -3.55516 42.4525
-33.0228 42.9599 -3.62356 42.5099
-31.64 43.002 -3.69936 42.552
-31.5185 43.2831 -4.24499 42.8331
-28.9029 43.3244 -4.32583 42.8744
-26.8549 43.3589 -4.38482 42.9089
-25.2413 43.4089 -4.47262 42.9589
-23.8731 43.4744 -4.61201 43.0244
-22.6228 43.5179 -4.72318 43.0679
-21.5304 43.5578 -4.79033 43.1078
-20.5674 43.595 -4.85842 43.145
-19.7082 43.6506 -4.95392 43.2006
