-48.3079 0.45 -2.91044 0
-45.5521 0.49283 -2.98251 0.0428295
-43.2381 0.542313 -3.06342 0.0923133
-40.9283 0.582604 -3.14738 0.132604
-39.1767 0.637274 -3.23174 0.187274
-37.8494 1.07706 -2.86469 0.62706
-31.7034 1.16074 -3.15176 0.710741
-27.5023 1.20592 -3.22277 0.755919
-24.5887 1.24382 -3.33783 0.793819
-22.4745 1.32647 -3.50617 0.87647
-20.7367 1.413 -3.66566 0.962999
-19.2599 1.50152 -3.81514 1.05152
-17.988 1.5941 -3.99583 1.1441
-16.8862 1.65797 -4.11915 1.20797
-16.0337 1.84816 -4.36384 1.39816
-15.6188 1.89606 -4.41514 1.44606
-15.9568 2.02555 -4.59118 1.57555
-16.3496 2.20205 -4.74663 1.75205
-15.8151 2.32595 -4.83956 1.87595
-15.2603 2.36663 -4.86718 1.91663
-15.6159 2.50229 -4.94795 2.05229
-16.1855 2.63653 -5.02434 2.18653
-17.2434 2.81628 -5.12223 2.36628
-17.682 2.91004 -5.16685 2.46004
-17.9384 2.97942 -5.19904 2.52942
-18.5847 3.10198 -5.25595 2.65198
-18.7697 3.15909 -5.29927 2.70909
-39.4809 7.33135 -3.26142 6.88135
-37.2122 7.37459 -3.34157 6.92459
-35.35 7.41774 -3.40398 6.96774
-33.9531 7.4708 -3.51 7.0208
-32.6736 7.52072 -3.60645 7.07072
-31.7376 7.58591 -3.73235 7.13591
-30.5338 7.62483 -3.84193 7.17483
-29.5037 7.65917 -3.90261 7.20917
-28.8644 7.71186 -3.99416 7.26186
-28.6248 7.81048 -4.16691 7.36048
-28.035 7.91598 -4.41736 7.46598
-26.7568 7.94079 -4.45984 7.49079
-26.1281 8.08476 -4.75028 7.63476
-24.8506 8.17092 -4.90897 7.72092
-23.2915 8.40738 -5.32575 7.95738
-21.4975 8.50107 -5.57627 8.05107
-19.9412 8.59267 -5.7047 8.14267
-18.6358 8.77942 -5.89056 8.32942
-17.7638 8.89201 -5.99301 8.44201
-17.722 8.95211 -6.0504 8.50211
-18.6971 9.09159 -6.13358 8.64159
-19.6255 9.23487 -6.23131 8.78487
-19.5366 9.34314 -6.28652 8.89314
-19.6623 9.43922 -6.32215 8.98922
-20.0179 9.58271 -6.40561 9.13271
-20.5023 9.6691 -6.43073 9.2191
-21.7723 9.8295 -6.52595 9.3795
-22.1896 9.90638 -6.5874 9.45638
-25.257 10.1579 -6.80309 9.70793
