-48.3079 0.45 -2.91044 0
-45.5521 0.49283 -2.98251 0.0428295
-43.2381 0.542313 -3.06342 0.0923133
-40.9283 0.582604 -3.14738 0.132604
-39.1767 0.637274 -3.23174 0.187274
-37.8494 1.07706 -2.86469 0.62706
-31.7034 1.16074 -3.15176 0.710741
-27.5023 1.20592 -3.22277 0.755919
-24.5887 1.24382 -3.33783 0.793819
-22.467 1.30692 -3.44232 0.856923
-20.7718 1.32647 -3.50617 0.87647
-19.4928 1.35898 -3.5719 0.908979
-18.4914 1.413 -3.66566 0.962999
-17.5966 1.44086 -3.73121 0.990857
-16.8906 1.50152 -3.81514 1.05152
-16.223 1.54391 -3.92742 1.09391
-15.6365 1.5941 -3.99583 1.1441
-15.0845 1.63282 -4.08036 1.18282
-14.5632 1.65797 -4.11915 1.20797
-14.9537 1.80968 -4.32079 1.35968
-15.1329 1.84816 -4.36384 1.39816
-15.3744 1.89606 -4.41514 1.44606
-15.6368 1.9521 -4.49318 1.5021
-15.8406 1.98265 -4.56193 1.53265
-16.0835 2.02555 -4.59118 1.57555
-16.3838 2.06658 -4.62357 1.61658
-16.9282 2.11294 -4.66861 1.66294
-17.393 2.15859 -4.70377 1.70859
-17.9476 2.20205 -4.74663 1.75205
-18.5551 2.25792 -4.79343 1.80792
-19.1147 2.2892 -4.82063 1.8392
-19.5417 2.32595 -4.83956 1.87595
-19.9767 2.36663 -4.86718 1.91663
-20.4833 2.4218 -4.89017 1.9718
-21.0278 2.45336 -4.90859 2.00336
-21.6014 2.50229 -4.94795 2.05229
-22.1859 2.55347 -4.97845 2.10347
-22.7385 2.60374 -5.00521 2.15374
-23.346 2.63653 -5.02434 2.18653
-24.0203 2.67431 -5.03853 2.22431
-24.7539 2.71906 -5.0671 2.26906
-25.5389 2.76193 -5.09701 2.31193
-26.355 2.81628 -5.12223 2.36628
-27.2376 2.84941 -5.13973 2.39941
-28.149 2.91004 -5.16685 2.46004
-29.0628 2.93819 -5.18288 2.48819
-30.0681 2.97942 -5.19904 2.52942
-30.4112 3.01287 -5.1986 2.56287
-30.7517 3.0612 -5.22993 2.6112
-31.2572 3.10198 -5.25595 2.65198
-31.7514 3.15909 -5.29927 2.70909
-39.4809 7.33135 -3.26142 6.88135
-37.2122 7.37459 -3.34157 6.92459
-35.35 7.41774 -3.40398 6.96774
-33.9531 7.4708 -3.51 7.0208
-32.6736 7.52072 -3.60645 7.07072
-31.7376 7.58591 -3.73235 7.13591
-30.5338 7.62483 -3.84193 7.17483
-29.5037 7.65917 -3.90261 7.20917
-28.8644 7.71186 -3.99416 7.26186
-28.1798 7.75763 -4.06964 7.30763
-27.6176 7.81048 -4.16691 7.36048
-27.0911 7.86787 -4.30156 7.41787
-26.4629 7.91598 -4.41736 7.46598
-25.6925 7.94079 -4.45984 7.49079
-25.111 7.97674 -4.52788 7.52674
-24.722 8.0398 -4.66786 7.5898
-24.1315 8.08476 -4.75028 7.63476
-23.4886 8.12041 -4.81477 7.67041
-22.9207 8.17092 -4.90897 7.72092
-22.4815 8.40738 -5.32575 7.95738
-22.7522 8.50107 -5.57627 8.05107
-23.0291 8.56699 -5.67088 8.11699
-23.1323 8.59267 -5.7047 8.14267
-23.364 8.63838 -5.75714 8.18838
-23.436 8.68952 -5.81164 8.23952
-23.7593 8.73545 -5.85023 8.28545
-24.0493 8.77942 -5.89056 8.32942
-24.344 8.82225 -5.92959 8.37225
-24.6684 8.89201 -5.99301 8.44201
-24.2273 8.91832 -6.0247 8.46832
-24.6019 8.95211 -6.0504 8.50211
-25.0334 8.99224 -6.06852 8.54224
-25.4777 9.03583 -6.09757 8.58583
-25.9328 9.09159 -6.13358 8.64159
-26.5606 9.13099 -6.16386 8.68099
-27.1571 9.16701 -6.18692 8.71701
-27.9646 9.23487 -6.23131 8.78487
-28.8126 9.26324 -6.24729 8.81324
-29.7146 9.30147 -6.26414 8.85147
-30.6964 9.34314 -6.28652 8.89314
-31.8963 9.38254 -6.29953 8.93254
-33.1821 9.43922 -6.32215 8.98922
-34.5312 9.50363 -6.35598 9.05363
-35.7167 9.54374 -6.38812 9.09374
-37.1802 9.58271 -6.40561 9.13271
-38.6802 9.62417 -6.42467 9.17417
-40.2818 9.6691 -6.43073 9.2191
-41.9344 9.72747 -6.4614 9.27747
-43.4631 9.77476 -6.49116 9.32476
-42.467 9.8295 -6.52595 9.3795
-42.4355 9.86663 -6.56178 9.41663
-42.6081 9.90638 -6.5874 9.45638
-42.952 9.9493 -6.61853 9.4993
-43.8192 10.0026 -6.63366 9.55264
-44.2844 10.1579 -6.80309 9.70793
-43.9715 10.1911 -6.86796 9.74109
-44.1029 10.2332 -6.9143 9.78322
-44.13 10.2824 -6.96497 9.83244
-43.8713 10.3413 -7.06746 9.89134
-43.6538 10.3931 -7.13745 9.94308
-43.7191 10.4614 -7.24734 10.0114
-43.7478 10.4891 -7.30457 10.0391
-43.9929 10.5215 -7.3404 10.0715
-43.9874 10.5678 -7.38841 10.1178
-44.4007 10.5959 -7.45682 10.1459
-44.6173 10.6366 -7.52484 10.1866
-45.016 10.699 -7.60902 10.249
-45.6674 10.7485 -7.7088 10.2985
-46.708 10.94 -8.1429 10.49
-46.6314 10.9819 -8.23557 10.5319
-52.0245 40.1189 -3.17193 39.6689
-47.5314 40.1655 -3.23792 39.7155
-43.9316 40.2107 -3.28366 39.7607
-41.24 40.2723 -3.36555 39.8223
-38.785 40.3317 -3.44132 39.8817
-36.4559 40.3766 -3.51381 39.9266
-34.3349 40.4036 -3.55516 39.9536
-33.0228 40.461 -3.62356 40.011
-31.64 40.5032 -3.69936 40.0532
-31.5185 40.7842 -4.24499 40.3342
-28.9029 40.8255 -4.32583 40.3755
-26.8549 40.8601 -4.38482 40.4101
-25.2413 40.91 -4.47262 40.46
-23.8731 40.9755 -4.61201 40.5255
-22.6228 41.019 -4.72318 40.569
-21.5304 41.059 -4.79033 40.609
-20.5674 41.0961 -4.85842 40.6461
-19.7082 41.1518 -4.95392 40.7018
-57.2745 50.3042 -2.68102 49.8542
-53.3073 50.3432 -2.74577 49.8932
-50.0042 50.3862 -2.79904 49.9362
-47.2146 50.4358 -2.87408 49.9858
-44.8141 50.4988 -2.91554 50.0488
-41.7782 50.5329 -2.80073 50.0829
-39.395 50.5746 -2.81129 50.1246
-37.2731 50.6137 -2.84165 50.1637
-35.4717 50.6543 -2.89307 50.2043
-34.057 50.6954 -3.28034 50.2454
-32.8711 50.7413 -3.33444 50.2913
-32.8066 51.1142 -3.00089 50.6642
-28.9019 51.1541 -3.07456 50.7041
-26.0606 51.1801 -3.13271 50.7301
-23.939 51.1996 -3.16766 50.7496
-22.4119 51.277 -3.29904 50.827
-21.0372 51.3397 -3.45483 50.8897
-19.8277 51.3752 -3.57486 50.9252
-18.8382 51.439 -3.68474 50.989
-17.9137 51.4655 -3.76556 51.0155
-18.0617 51.5161 -3.82241 51.0661
-18.2975 51.5575 -3.92986 51.1075
-18.5149 51.5989 -3.99976 51.1489
-18.6614 51.6475 -4.05535 51.1975
-19.1034 51.701 -4.10702 51.251
-19.5663 51.7579 -3.99742 51.3079
-19.8949 51.7849 -4.03211 51.3349
-20.2624 51.8266 -4.06382 51.3766
-20.8642 51.8833 -4.06642 51.4333
-21.2605 51.9307 -3.99719 51.4807
-21.5787 51.9721 -4.01414 51.5221
-22.2343 52.0227 -4.57232 51.5727
-22.9197 52.0743 -4.63618 51.6243
-23.4318 52.1075 -4.66303 51.6575
-24.2286 52.164 -4.71645 51.714
-24.883 52.2129 -4.75101 51.7629
-25.4043 52.2448 -4.76966 51.7948
-26.0404 52.3615 -4.88033 51.9115
-26.4403 52.3954 -4.88944 51.9454
-26.8781 52.4354 -4.91525 51.9854
-27.227 52.4679 -4.92582 52.0179
-27.6343 52.5351 -4.95976 52.0851
-28.0331 52.565 -4.98596 52.115
-28.2578 52.616 -5.00335 52.166
-28.6839 52.6902 -5.04639 52.2402
-28.9378 52.7263 -5.07254 52.2763
-29.2202 52.7605 -5.07855 52.3105
-29.6428 52.8074 -5.10039 52.3574
-30.1646 52.8617 -5.1369 52.4117
-29.9223 52.8983 -5.15413 52.4483
-30.4498 52.9501 -5.17524 52.5001
-30.8403 53.0075 -5.21757 52.5575
-31.032 53.0375 -5.23329 52.5875
-31.3976 53.0796 -5.24219 52.6296
-31.861 53.1263 -5.27117 52.6763
-31.9803 53.1795 -5.30126 52.7295
-32.4871 53.2361 -5.34999 52.7861
-33.0702 53.3168 -5.41388 52.8668
-33.3153 53.3506 -5.47336 52.9006
-33.3237 53.4072 -5.50186 52.9572
-33.5947 53.4457 -5.60251 52.9957
-33.8742 53.4733 -6.16 53.0233
-33.7141 53.5387 -6.5183 53.0887
-34.1651 53.5923 -6.82896 53.1423
-34.6409 53.6353 -7.06528 53.1853
-34.8899 53.6698 -7.15763 53.2198
-35.4645 53.7212 -7.1792 53.2712
-35.5918 53.7695 -7.24887 53.3195
-35.7088 53.8102 -7.31281 53.3602
-36.3384 53.8746 -7.41137 53.4246
-37.2217 53.9194 -7.47722 53.4694
-37.7677 53.9541 -7.56134 53.5041
-38.3617 53.9907 -7.61826 53.5407
-39.1535 54.0378 -7.69336 53.5878
-40.2058 54.0923 -7.79938 53.6423
-41.0039 54.1272 -7.87103 53.6772
-41.9939 54.1672 -7.91108 53.7172
-43.7397 54.2258 -8.03714 53.7758
-45.1646 54.277 -8.15468 53.827
-46.6146 54.3073 -8.22762 53.8573
-48.7135 54.3574 -8.31219 53.9074
-50.8376 54.395 -8.3803 53.945
-53.0118 54.422 -8.44392 53.972
-55.3622 54.454 -8.49854 54.004
-59.5064 54.5421 -8.66336 54.0921
-63.1665 54.602 -8.83883 54.152
-66.697 54.6283 -8.89798 54.1783
-71.2755 54.6827 -8.96634 54.2327
-31.9213 59.2332 -3.58679 58.7832
-30.5022 59.2656 -3.60901 58.8156
-29.3359 59.3057 -3.6149 58.8557
-28.2289 59.3385 -3.63456 58.8885
-27.2959 59.3787 -3.65649 58.9287
-26.4777 59.4333 -3.68304 58.9833
-25.5987 59.488 -3.71258 59.038
-24.673 59.5445 -3.75032 59.0945
-23.6684 59.5737 -3.75695 59.1237
-22.7713 59.6199 -3.77271 59.1699
-21.7797 59.7266 -3.8267 59.2766
-20.2989 59.8525 -3.91521 59.4025
-40.6868 88.9379 -3.69614 88.4879
-38.7197 88.9792 -3.72423 88.5292
-37.2811 89.0362 -3.77069 88.5862
-35.9356 89.0999 -3.81319 88.6499
-33.9883 89.1197 -3.84096 88.6697
-32.8892 89.1641 -3.85821 88.7141
-31.7993 89.2001 -3.86691 88.7501
-30.9838 89.2425 -3.88563 88.7925
-30.1043 89.2722 -3.92564 88.8222
-29.9184 89.3439 -3.9516 88.8939
-29.3462 89.4004 -3.98964 88.9504
-28.4785 89.4322 -3.99273 88.9822
-27.8896 89.4778 -4.01978 89.0278
-27.2907 89.5206 -4.03728 89.0706
-26.5888 89.5491 -4.05181 89.0991
-26.1298 89.5943 -4.08488 89.1443
-25.8821 89.6726 -4.11568 89.2226
-25.3159 89.7392 -4.1389 89.2892
-24.4379 89.7658 -4.17077 89.3158
-23.7198 89.806 -4.18681 89.356
-24.5166 89.8609 -4.22197 89.4109
-24.7865 89.9102 -4.25597 89.4602
-25.236 89.9727 -4.30874 89.5227
-25.4669 90.0421 -4.35918 89.5921
-25.619 90.0658 -4.40835 89.6158
-25.5784 90.1107 -4.42879 89.6607
-25.7689 90.1615 -4.46981 89.7115
-26.2475 90.1934 -4.50335 89.7434
-26.8583 90.2558 -4.63973 89.8058
-27.2481 90.7024 -4.04122 90.2524
-26.0511 90.7477 -4.04436 90.2977
-25.4302 90.7895 -4.28674 90.3395
-24.5316 90.8292 -4.38801 90.3792
-23.6877 90.8847 -4.49466 90.4347
-23.4574 90.9173 -4.57984 90.4673
-23.1496 90.9403 -4.62168 90.4903
-23.0627 91.0141 -4.78266 90.5641
-22.9259 91.0517 -4.86411 90.6017
-23.1175 91.1049 -4.96776 90.6549
-23.1169 91.1497 -5.07159 90.6997
-23.0749 91.2013 -5.16909 90.7513
-23.5128 91.2426 -5.2541 90.7926
-23.8214 91.3032 -5.36971 90.8532
-24.1144 91.3327 -5.42675 90.8827
-24.5099 91.3664 -5.48045 90.9164
-24.4996 91.4135 -5.57475 90.9635
-25.0624 91.4496 -5.63331 90.9996
-25.6906 91.4954 -5.76219 91.0454
-26.456 91.5475 -5.84744 91.0975
-27.3662 91.6087 -6.40248 91.1587
-28.2762 91.6505 -6.42966 91.2005
-29.187 91.6763 -6.07962 91.2263
-30.257 91.7159 -6.13718 91.2659
-31.483 91.7569 -6.19147 91.3069
-32.7904 91.816 -6.28677 91.366
-33.4491 91.8601 -6.36517 91.4101
-34.1777 91.9084 -6.40961 91.4584
-34.8669 91.9555 -6.40243 91.5055
-35.5486 91.9873 -6.41807 91.5373
-36.1842 92.0299 -6.43005 91.5799
-36.6704 92.0844 -6.46141 91.6344
-37.1757 92.1213 -6.484 91.6713
-36.8531 92.2987 -6.51277 91.8487
-36.7406 92.3382 -6.54534 91.8882
-36.6249 92.3801 -6.621 91.9301
-36.4798 92.4267 -6.75432 91.9767
-36.3722 92.4726 -6.90308 92.0226
-36.2798 92.5177 -6.93731 92.0677
-36.1157 92.5775 -6.9697 92.1275
-36.0848 92.6076 -6.9914 92.1576
-36.1016 92.6487 -7.00964 92.1987
-36.1819 92.6841 -7.02577 92.2341
-36.1976 92.7492 -7.06981 92.2992
-36.3358 92.7855 -7.1605 92.3355
-36.4622 92.8323 -7.17348 92.3823
-36.4575 92.9064 -7.20195 92.4564
-36.6331 92.9314 -7.22054 92.4814
-36.7035 92.965 -7.24325 92.515
-36.799 92.9956 -7.26057 92.5456
-37.1643 93.0432 -7.29316 92.5932
-37.5472 93.1067 -7.33553 92.6567
-37.7644 93.183 -7.38852 92.733
-37.6562 93.2238 -7.42499 92.7738
-38.0727 93.2529 -7.44933 92.8029
-38.4416 93.2988 -7.47357 92.8488
-39.0407 93.3534 -7.51791 92.9034
-39.5573 93.3959 -7.56053 92.9459
-40.3902 93.4437 -7.61158 92.9937
-40.9096 93.5111 -7.67392 93.0611
-41.2724 93.544 -7.73823 93.094
-42.1113 93.5738 -7.75784 93.1238
-43.1293 93.6199 -7.79777 93.1699
-44.2618 93.6602 -7.84083 93.2102
-46.0914 93.7219 -7.88105 93.2719
-47.7523 93.7802 -7.79164 93.3302
-48.7423 93.8227 -7.82261 93.3727
-50.0022 93.8632 -8.15205 93.4132
-51.9552 93.8899 -8.19599 93.4399
-54.392 93.9355 -8.24863 93.4855
-56.7747 93.9756 -8.31304 93.5256
-59.9144 94.0331 -8.42946 93.5831
-62.6315 94.0672 -8.49792 93.6172
-66.353 94.1416 -8.62262 93.6916
-70.4633 94.1794 -8.7184 93.7294
-74.6816 94.2091 -8.76335 93.7591
-80.0059 94.262 -8.86157 93.812
-86.4337 94.3213 -8.99081 93.8713
-92.61 94.3658 -9.0756 93.9158
-83.8728 94.4783 -9.28476 94.0283
-83.0895 94.5037 -9.21437 94.0537
-82.9886 94.5409 -9.43843 94.0909
-83.3155 94.5884 -9.50794 94.1384
-82.9469 94.6491 -9.63227 94.1991
-83.4945 94.7071 -9.77184 94.2571
-84.426 94.7462 -9.85282 94.2962
-83.2233 94.8048 -9.97673 94.3548
-83.1779 94.8364 -10.0448 94.3864
-21.3893 99.8669 -2.19118 99.4169
-20.4513 99.9034 -2.21162 99.4534
-19.5641 99.9271 -2.22978 99.4771
-19.1264 99.9827 -2.2768 99.5327
-18.6521 100.039 -2.32136 99.5887
-18.1198 100.09 -2.35906 99.64
-17.569 100.135 -2.40718 99.6853
-17.1455 100.196 -2.47019 99.7459
-16.6002 100.237 -2.53769 99.7866
-16.1037 100.276 -2.57136 99.8258
-15.7136 100.327 -2.63587 99.877
-15.4766 100.419 -2.7944 99.9689
-15.0065 100.485 -2.88134 100.035
-14.746 100.751 -3.42037 100.301
-13.8312 100.849 -3.57585 100.399
-12.9466 101.119 -2.98684 100.669
-12.1157 101.18 -3.12064 100.73
-11.4518 101.203 -3.18262 100.753
-11.2464 101.241 -3.23596 100.791
-11.4578 101.285 -3.32571 100.835
-11.7864 101.335 -3.40739 100.885
-11.9224 101.377 -3.51461 100.927
-12.0232 101.423 -3.59479 100.973
-12.3308 101.505 -3.78255 101.055
-12.507 101.527 -3.8491 101.077
-12.73 101.569 -3.90439 101.119
-13.0922 101.619 -3.98426 101.169
-13.2215 101.65 -4.03969 101.2
-13.6925 101.701 -4.12499 101.251
-14.3353 101.764 -4.22088 101.314
-14.8514 101.815 -4.3038 101.365
-15.3122 101.848 -4.36341 101.398
-15.8607 101.888 -4.40885 101.438
-16.2543 101.939 -4.45582 101.489
-16.5547 101.99 -4.52295 101.54
-16.1833 102.026 -4.56552 101.576
-16.4872 102.079 -4.6099 101.629
-16.7203 102.139 -4.67829 101.689
-16.864 102.17 -4.70784 101.72
-16.9784 102.219 -4.74586 101.769
-17.5308 102.273 -4.78689 101.823
-17.2868 102.333 -4.82739 101.883
-17.6479 102.355 -4.84668 101.905
-17.8527 102.419 -4.88311 101.969
-18.1101 102.46 -4.91102 102.01
-18.414 102.493 -4.946 102.043
-18.6211 102.542 -4.96043 102.092
-18.6798 102.608 -4.99881 102.158
-18.8188 102.66 -5.02339 102.21
-19.0591 102.701 -5.04938 102.251
-19.2847 102.746 -5.07353 102.296
-19.5471 102.774 -5.0893 102.324
-19.9881 102.813 -5.10478 102.363
-20.1014 102.876 -5.12812 102.426
-20.2368 102.928 -5.16004 102.478
-20.4521 102.977 -5.1873 102.527
-20.7869 103.044 -5.159 102.594
-21.1384 103.071 -5.17987 102.621
-21.4299 103.114 -5.19569 102.664
-21.7262 103.16 -5.21431 102.71
-21.9723 103.214 -5.26955 102.764
-22.1593 103.27 -5.31655 102.82
-22.3965 103.339 -5.38684 102.889
-22.5855 103.38 -5.43769 102.93
-22.7973 103.409 -5.45972 102.959
-22.9987 103.443 -5.49703 102.993
-23.2369 103.483 -5.52936 103.033
-24.5588 103.888 -6.12912 103.438
-25.1178 103.967 -6.27165 103.517
-32.0507 104.696 -6.59318 104.246
-31.7571 104.74 -6.69817 104.29
-31.5232 104.781 -6.77081 104.331
-32.1564 104.858 -6.91065 104.408
-32.8792 104.944 -7.08731 104.494
-32.9288 104.976 -7.16597 104.526
-33.4357 105.033 -7.2414 104.583
-33.7667 105.081 -7.31336 104.631
-34.6709 105.15 -7.42018 104.7
-35.8088 105.23 -7.52923 104.78
-36.051 105.269 -7.60033 104.819
-36.999 105.331 -7.65251 104.881
-37.9536 105.386 -7.71636 104.936
-38.6815 105.437 -7.77028 104.987
-39.8678 105.503 -7.84083 105.053
-41.4411 105.578 -7.89734 105.128
-42.1319 105.622 -7.89664 105.172
-42.8384 105.664 -7.90534 105.214
-44.957 105.747 -7.97333 105.297
-46.2964 105.808 -7.99985 105.358
-47.7126 105.872 -7.87571 105.422
-48.5672 105.917 -7.86954 105.467
-41.833 105.972 -7.87075 105.522
-34.2107 106.027 -7.8821 105.577
-31.7942 106.104 -7.86762 105.654
-20.0074 106.171 -8.24741 105.721
-17.5323 106.216 -8.31412 105.766
-16.6781 106.284 -8.35051 105.834
-14.7501 106.328 -8.37545 105.878
-12.4998 106.391 -8.41015 105.941
-9.95755 106.476 -8.45481 106.026
-7.49218 106.51 -8.47904 106.06
-6.0994 106.568 -8.51568 106.118
-1.13457 106.625 -8.5528 106.175
-15.4381 106.699 -8.61487 106.249
-13.9614 106.757 -8.66952 106.307
-12.531 106.818 -8.75135 106.368
3.79794 106.868 -8.80222 106.418
4.81042 106.911 -8.84537 106.461
4.9473 106.989 -8.94294 106.539
4.52224 107.042 -9.01052 106.592
2.71978 107.12 -9.12879 106.67
1.73173 107.158 -9.19216 106.708
-0.268606 107.221 -9.26991 106.771
-2.15007 107.269 -9.35883 106.819
-5.14104 107.333 -9.44516 106.883
-7.87438 107.387 -9.56427 106.937
-11.6215 107.457 -9.71152 107.007
-14.1704 107.494 -9.77316 107.044
-18.354 107.56 -9.8825 107.11
-22.4675 107.623 -10.0047 107.173
-25.8685 107.674 -10.1171 107.224
-31.3105 107.743 -10.2596 107.293
-34.6432 107.792 -10.3479 107.342
-39.046 107.848 -10.4697 107.398
-43.6858 107.903 -10.5827 107.453
-79.5315 108.375 -10.3585 107.925
-77.8295 108.407 -10.4161 107.957
-79.5198 108.479 -10.5049 108.029
-80.2122 108.535 -10.6036 108.085
-80.1004 108.581 -10.6694 108.131
-82.2489 108.662 -10.7616 108.212
-87.226 108.711 -10.8274 108.261
-84.0141 108.757 -10.8701 108.307
-81.4875 108.806 -10.9155 108.356
-79.5271 108.866 -10.9684 108.416
-77.193 108.919 -11.022 108.469
-76.3696 109.002 -11.0919 108.552
-74.2514 109.036 -11.1204 108.586
-72.7664 109.084 -11.1529 108.634
-71.9857 109.16 -11.1918 108.71
-70.8975 109.215 -11.2374 108.765
-70.3913 109.292 -11.2758 108.842
-69.3442 109.323 -11.3024 108.873
-70.4728 109.388 -11.3312 108.938
-72.649 109.431 -11.3512 108.981
-75.4561 109.512 -11.3865 109.062
-69.3411 109.595 -11.4285 109.145
-67.1056 109.617 -11.4465 109.167
-43.2505 109.672 -11.4662 109.222
-44.1743 109.743 -11.5009 109.293
-44.4027 109.788 -11.5261 109.338
-43.6625 109.832 -11.5478 109.382
-44.0169 109.934 -11.5313 109.484
-44.2981 109.981 -11.5809 109.531
-43.6973 110.022 -11.6082 109.572
-43.7905 110.087 -11.6421 109.637
-56.6394 110.663 -11.3128 110.213
-26.7053 147.566 -4.00505 147.116
-25.8089 147.629 -4.47631 147.179
-24.9631 147.708 -4.64174 147.258
-23.9509 147.752 -4.77094 147.302
-23.0339 147.795 -4.83479 147.345
-22.2285 147.861 -4.92867 147.411
-21.3892 147.917 -5.05677 147.467
-20.588 147.988 -5.1774 147.538
-19.7744 148.05 -5.32284 147.6
-18.9759 148.092 -5.40586 147.642
-18.265 148.148 -5.34412 147.698
-17.6315 148.211 -5.29992 147.761
-17.7189 148.265 -5.75687 147.815
-18.0645 148.344 -5.91126 147.894
-18.2253 148.381 -5.97168 147.931
-18.4412 148.433 -6.04545 147.983
-18.7088 148.496 -6.14425 148.046
-18.2794 148.547 -6.20993 148.097
-19.4969 171.616 -4.87179 171.166
-18.6277 171.669 -4.95206 171.219
-21.3289 180.185 -4.00861 179.735
-20.4621 180.216 -4.05842 179.766
-19.7292 180.285 -4.11501 179.835
-18.9128 180.339 -4.18361 179.889
-18.0967 180.4 -4.27559 179.95
-17.2315 180.496 -4.41749 180.046
-16.34 180.525 -4.48119 180.075
-15.4965 180.595 -4.5688 180.145
-14.6895 180.643 -4.65414 180.193
-13.9454 180.695 -4.73338 180.245
-13.2961 180.803 -4.91837 180.353
-14.3305 181.25 -4.65905 180.8
-14.3407 181.317 -4.81282 180.867
-14.5519 181.38 -4.92089 180.93
-14.0331 181.444 -5.08632 180.994
-13.6706 181.491 -5.16021 181.041
-13.7377 181.57 -5.29686 181.12
-13.8643 181.624 -5.41205 181.174
-14.471 181.706 -5.55692 181.256
-14.9657 181.759 -5.66404 181.309
-15.1059 181.8 -5.70914 181.35
-15.6104 181.862 -5.808 181.412
-16.271 181.923 -5.88526 181.473
-17.197 181.988 -5.96105 181.538
-18.1114 182.054 -6.04762 181.604
-18.6521 182.098 -6.09622 181.648
-19.2973 182.142 -6.14092 181.692
-20.1535 182.199 -6.19216 181.749
-21.7418 182.271 -6.24951 181.821
