-48.3079 0.45 -2.91044 0
-45.5521 0.49283 -2.98251 0.0428295
-43.2381 0.542313 -3.06342 0.0923133
-40.9283 0.582604 -3.14738 0.132604
-39.1767 0.637274 -3.23174 0.187274
-37.8494 1.07706 -2.86469 0.62706
-31.7034 1.16074 -3.15176 0.710741
-27.5023 1.20592 -3.22277 0.755919
-24.5887 1.24382 -3.33783 0.793819
-22.467 1.30692 -3.44232 0.856923
-20.7718 1.32647 -3.50617 0.87647
-19.4928 1.35898 -3.5719 0.908979
-18.4914 1.413 -3.66566 0.962999
-17.5966 1.44086 -3.73121 0.990857
-16.8906 1.50152 -3.81514 1.05152
-16.223 1.54391 -3.92742 1.09391
-15.6365 1.5941 -3.99583 1.1441
-15.0845 1.63282 -4.08036 1.18282
-14.5632 1.65797 -4.11915 1.20797
-14.9537 1.80968 -4.32079 1.35968
-15.1329 1.84816 -4.36384 1.39816
-15.3744 1.89606 -4.41514 1.44606
-15.6368 1.9521 -4.49318 1.5021
-15.8406 1.98265 -4.56193 1.53265
-16.0835 2.02555 -4.59118 1.57555
-16.3838 2.06658 -4.62357 1.61658
-16.9282 2.11294 -4.66861 1.66294
-17.393 2.15859 -4.70377 1.70859
-17.9476 2.20205 -4.74663 1.75205
-18.5551 2.25792 -4.79343 1.80792
-19.1147 2.2892 -4.82063 1.8392
-19.5417 2.32595 -4.83956 1.87595
-19.9767 2.36663 -4.86718 1.91663
-20.4833 2.4218 -4.89017 1.9718
-21.0278 2.45336 -4.90859 2.00336
-21.6014 2.50229 -4.94795 2.05229
-22.1859 2.55347 -4.97845 2.10347
-22.7385 2.60374 -5.00521 2.15374
-23.346 2.63653 -5.02434 2.18653
-24.0203 2.67431 -5.03853 2.22431
-24.7539 2.71906 -5.0671 2.26906
-25.5389 2.76193 -5.09701 2.31193
-26.355 2.81628 -5.12223 2.36628
-27.2376 2.84941 -5.13973 2.39941
-28.149 2.91004 -5.16685 2.46004
-29.0628 2.93819 -5.18288 2.48819
-30.0681 2.97942 -5.19904 2.52942
-30.4112 3.01287 -5.1986 2.56287
-30.7517 3.0612 -5.22993 2.6112
-31.2572 3.10198 -5.25595 2.65198
-31.7514 3.15909 -5.29927 2.70909
-39.4809 7.33135 -3.26142 6.88135
-37.2122 7.37459 -3.34157 6.92459
-35.35 7.41774 -3.40398 6.96774
-33.9531 7.4708 -3.51 7.0208
-32.6736 7.52072 -3.60645 7.07072
-31.7376 7.58591 -3.73235 7.13591
-30.5338 7.62483 -3.84193 7.17483
-29.5037 7.65917 -3.90261 7.20917
-28.8644 7.71186 -3.99416 7.26186
-28.1798 7.75763 -4.06964 7.30763
-27.6176 7.81048 -4.16691 7.36048
-27.0911 7.86787 -4.30156 7.41787
-26.4629 7.91598 -4.41736 7.46598
-25.6925 7.94079 -4.45984 7.49079
-25.111 7.97674 -4.52788 7.52674
-24.722 8.0398 -4.66786 7.5898
-24.1315 8.08476 -4.75028 7.63476
-23.4886 8.12041 -4.81477 7.67041
-22.9207 8.17092 -4.90897 7.72092
-22.4815 8.40738 -5.32575 7.95738
-22.7522 8.50107 -5.57627 8.05107
-23.0291 8.56699 -5.67088 8.11699
-23.1323 8.59267 -5.7047 8.14267
-23.364 8.63838 -5.75714 8.18838
-23.436 8.68952 -5.81164 8.23952
-23.7593 8.73545 -5.85023 8.28545
-24.0493 8.77942 -5.89056 8.32942
-24.344 8.82225 -5.92959 8.37225
-24.6684 8.89201 -5.99301 8.44201
-24.2273 8.91832 -6.0247 8.46832
-24.6019 8.95211 -6.0504 8.50211
-25.0334 8.99224 -6.06852 8.54224
-25.4777 9.03583 -6.09757 8.58583
-25.9328 9.09159 -6.13358 8.64159
-26.5606 9.13099 -6.16386 8.68099
-27.1571 9.16701 -6.18692 8.71701
-27.9646 9.23487 -6.23131 8.78487
-28.8126 9.26324 -6.24729 8.81324
-29.7146 9.30147 -6.26414 8.85147
-30.6964 9.34314 -6.28652 8.89314
-31.8963 9.38254 -6.29953 8.93254
-33.1821 9.43922 -6.32215 8.98922
-34.5312 9.50363 -6.35598 9.05363
-35.7167 9.54374 -6.38812 9.09374
-37.1802 9.58271 -6.40561 9.13271
-38.6802 9.62417 -6.42467 9.17417
-40.2818 9.6691 -6.43073 9.2191
-41.9344 9.72747 -6.4614 9.27747
-43.4631 9.77476 -6.49116 9.32476
-42.467 9.8295 -6.52595 9.3795
-42.4355 9.86663 -6.56178 9.41663
-42.6081 9.90638 -6.5874 9.45638
-42.952 9.9493 -6.61853 9.4993
-43.8192 10.0026 -6.63366 9.55264
-44.2844 10.1579 -6.80309 9.70793
-43.9715 10.1911 -6.86796 9.74109
-44.1029 10.2332 -6.9143 9.78322
