-24.0816 0 -2.91044 0
-23.2514 0.0428295 -2.98251 0.0428295
-22.758 0.0923133 -3.06342 0.0923133
-21.9385 0.132604 -3.14738 0.132604
-21.7186 0.187274 -3.23174 0.187274
-29.7644 0.62706 -2.86469 0.62706
-25.7669 0.710741 -3.15176 0.710741
-22.5401 0.755919 -3.22277 0.755919
-20.2362 0.793819 -3.33783 0.793819
-18.8156 0.856923 -3.44232 0.856923
-17.3278 0.87647 -3.50617 0.87647
-16.3068 0.908979 -3.5719 0.908979
-15.6694 0.962999 -3.66566 0.962999
-14.9476 0.990857 -3.73121 0.990857
-14.5664 1.05152 -3.81514 1.05152
-14.1109 1.09391 -3.92742 1.09391
-13.7418 1.1441 -3.99583 1.1441
-13.3447 1.18282 -4.08036 1.18282
-12.9259 1.20797 -4.11915 1.20797
-13.4046 1.35968 -4.32079 1.35968
-13.4804 1.39816 -4.36384 1.39816
-13.63 1.44606 -4.41514 1.44606
-13.8168 1.5021 -4.49318 1.5021
-13.9216 1.53265 -4.56193 1.53265
-14.0856 1.57555 -4.59118 1.57555
-14.3096 1.61658 -4.62357 1.61658
-14.757 1.66294 -4.66861 1.66294
-15.1801 1.70859 -4.70377 1.70859
-15.6794 1.75205 -4.74663 1.75205
-16.3028 1.80792 -4.79343 1.80792
-16.8276 1.8392 -4.82063 1.8392
-17.2525 1.87595 -4.83956 1.87595
-17.5765 1.91663 -4.86718 1.91663
-18.1078 1.9718 -4.89017 1.9718
-18.5449 2.00336 -4.90859 2.00336
-19.1022 2.05229 -4.94795 2.05229
-19.6994 2.10347 -4.97845 2.10347
-20.1668 2.15374 -5.00521 2.15374
-20.6247 2.18653 -5.02434 2.18653
-21.1554 2.22431 -5.03853 2.22431
-21.8051 2.26906 -5.0671 2.26906
-22.4571 2.31193 -5.09701 2.31193
-23.3221 2.36628 -5.12223 2.36628
-23.9493 2.39941 -5.13973 2.39941
-24.8243 2.46004 -5.16685 2.46004
-25.4783 2.48819 -5.18288 2.48819
-26.4376 2.52942 -5.19904 2.52942
-24.9893 2.56287 -5.1986 2.56287
-25.1283 2.6112 -5.22993 2.6112
-25.4587 2.65198 -5.25595 2.65198
-26.0005 2.70909 -5.29927 2.70909
-22.0832 6.88135 -3.26142 6.88135
-21.1188 6.92459 -3.34157 6.92459
-20.3476 6.96774 -3.40398 6.96774
-20.0136 7.0208 -3.51 7.0208
-19.6453 7.07072 -3.60645 7.07072
-19.7319 7.13591 -3.73235 7.13591
-19.1495 7.17483 -3.84193 7.17483
-18.6 7.20917 -3.90261 7.20917
-18.6012 7.26186 -3.99416 7.26186
-18.4583 7.30763 -4.06964 7.30763
-18.5042 7.36048 -4.16691 7.36048
-18.6383 7.41787 -4.30156 7.41787
-18.5668 7.46598 -4.41736 7.46598
-18.0795 7.49079 -4.45984 7.49079
-17.8846 7.52674 -4.52788 7.52674
-18.1785 7.5898 -4.66786 7.5898
-18.096 7.63476 -4.75028 7.63476
-17.8625 7.67041 -4.81477 7.67041
-17.8452 7.72092 -4.90897 7.72092
-19.6782 7.95738 -5.32575 7.95738
-20.3698 8.05107 -5.57627 8.05107
-20.8814 8.11699 -5.67088 8.11699
-20.8298 8.14267 -5.7047 8.14267
-21.0665 8.18838 -5.75714 8.18838
-21.1125 8.23952 -5.81164 8.23952
-21.4363 8.28545 -5.85023 8.28545
-21.6712 8.32942 -5.89056 8.32942
-21.8715 8.37225 -5.92959 8.37225
-22.2775 8.44201 -5.99301 8.44201
-21.3457 8.46832 -6.0247 8.46832
-21.5095 8.50211 -6.0504 8.50211
-21.7258 8.54224 -6.06852 8.54224
-21.9215 8.58583 -6.09757 8.58583
-22.1589 8.64159 -6.13358 8.64159
-22.5063 8.68099 -6.16386 8.68099
-22.7152 8.71701 -6.18692 8.71701
-23.3764 8.78487 -6.23131 8.78487
-23.8299 8.81324 -6.24729 8.81324
-24.3203 8.85147 -6.26414 8.85147
-24.88 8.89314 -6.28652 8.89314
-25.6858 8.93254 -6.29953 8.93254
-26.7107 8.98922 -6.32215 8.98922
-27.9585 9.05363 -6.35598 9.05363
-28.7529 9.09374 -6.38812 9.09374
-29.8995 9.13271 -6.40561 9.13271
-31.0665 9.17417 -6.42467 9.17417
-32.4117 9.2191 -6.43073 9.2191
-34.0977 9.27747 -6.4614 9.27747
-35.5107 9.32476 -6.49116 9.32476
-34.1499 9.3795 -6.52595 9.3795
-33.8637 9.41663 -6.56178 9.41663
-33.8508 9.45638 -6.5874 9.45638
-34.0638 9.4993 -6.61853 9.4993
-35.0255 9.55264 -6.63366 9.55264
-37.705 9.70793 -6.80309 9.70793
-37.1848 9.74109 -6.86796 9.74109
-37.2976 9.78322 -6.9143 9.78322
-37.3786 9.83244 -6.96497 9.83244
-37.283 9.89134 -7.06746 9.89134
-37.0955 9.94308 -7.13745 9.94308
-37.5068 10.0114 -7.24734 10.0114
-37.1637 10.0391 -7.30457 10.0391
-37.0687 10.0715 -7.3404 10.0715
-36.8579 10.1178 -7.38841 10.1178
-36.7866 10.1459 -7.45682 10.1459
-36.6329 10.1866 -7.52484 10.1866
-37.0248 10.249 -7.60902 10.249
-37.4977 10.2985 -7.7088 10.2985
-40.7747 10.49 -8.1429 10.49
-40.6764 10.5319 -8.23557 10.5319
-28.9316 39.6689 -3.17193 39.6689
-26.8256 39.7155 -3.23792 39.7155
-25.1419 39.7607 -3.28366 39.7607
-24.3505 39.8223 -3.36555 39.8223
-23.557 39.8817 -3.44132 39.8817
-22.4564 39.9266 -3.51381 39.9266
-21.0992 39.9536 -3.55516 39.9536
-20.8496 40.011 -3.62356 40.011
-20.2394 40.0532 -3.69936 40.0532
-24.5748 40.3342 -4.24499 40.3342
-22.8079 40.3755 -4.32583 40.3755
-21.3622 40.4101 -4.38482 40.4101
-20.441 40.46 -4.47262 40.46
-19.86 40.5255 -4.61201 40.5255
-19.1 40.569 -4.72318 40.569
-18.4184 40.609 -4.79033 40.609
-17.8075 40.6461 -4.85842 40.6461
-17.4078 40.7018 -4.95392 40.7018
-26.8845 49.8542 -2.68102 49.8542
-25.5127 49.8932 -2.74577 49.8932
-24.5306 49.9362 -2.79904 49.9362
-23.9295 49.9858 -2.87408 49.9858
-23.8058 50.0488 -2.91554 50.0488
-22.4273 50.0829 -2.80073 50.0829
-21.5643 50.1246 -2.81129 50.1246
-20.7337 50.1637 -2.84165 50.1637
-20.0799 50.2043 -2.89307 50.2043
-19.6169 50.2454 -3.28034 50.2454
-19.3506 50.2913 -3.33444 50.2913
-25.6773 50.6642 -3.00089 50.6642
-22.8216 50.7041 -3.07456 50.7041
-20.5805 50.7301 -3.13271 50.7301
-18.8409 50.7496 -3.16766 50.7496
-18.1924 50.827 -3.29904 50.827
-17.4524 50.8897 -3.45483 50.8897
-16.5775 50.9252 -3.57486 50.9252
-16.0909 50.989 -3.68474 50.989
-15.3748 51.0155 -3.76556 51.0155
-15.4802 51.0661 -3.82241 51.0661
-15.5954 51.1075 -3.92986 51.1075
-15.6779 51.1489 -3.99976 51.1489
-15.722 51.1975 -4.05535 51.1975
-16.0759 51.251 -4.10702 51.251
-16.4809 51.3079 -3.99742 51.3079
-16.5324 51.3349 -4.03211 51.3349
-16.6965 51.3766 -4.06382 51.3766
-17.2263 51.4333 -4.06642 51.4333
-17.4704 51.4807 -3.99719 51.4807
-17.5819 51.5221 -4.01414 51.5221
-18.1401 51.5727 -4.57232 51.5727
-18.7527 51.6243 -4.63618 51.6243
-18.9808 51.6575 -4.66303 51.6575
-19.7879 51.714 -4.71645 51.714
-20.3625 51.7629 -4.75101 51.7629
-20.5837 51.7948 -4.76966 51.7948
-22.0359 51.9115 -4.88033 51.9115
-22.2959 51.9454 -4.88944 51.9454
-22.6552 51.9854 -4.91525 51.9854
-22.7708 52.0179 -4.92582 52.0179
-23.4361 52.0851 -4.95976 52.0851
-23.5983 52.115 -4.98596 52.115
-23.7744 52.166 -5.00335 52.166
-24.6057 52.2402 -5.04639 52.2402
-24.6645 52.2763 -5.07254 52.2763
-24.6922 52.3105 -5.07855 52.3105
-25.0601 52.3574 -5.10039 52.3574
-25.6629 52.4117 -5.1369 52.4117
-24.8795 52.4483 -5.15413 52.4483
-25.4565 52.5001 -5.17524 52.5001
-25.8938 52.5575 -5.21757 52.5575
-25.6639 52.5875 -5.23329 52.5875
-25.8078 52.6296 -5.24219 52.6296
-26.1298 52.6763 -5.27117 52.6763
-26.098 52.7295 -5.30126 52.7295
-26.6655 52.7861 -5.34999 52.7861
-27.718 52.8668 -5.41388 52.8668
-27.7257 52.9006 -5.47336 52.9006
-27.7631 52.9572 -5.50186 52.9572
-27.9026 52.9957 -5.60251 52.9957
-27.8427 53.0233 -6.16 53.0233
-27.7831 53.0887 -6.5183 53.0887
-28.3081 53.1423 -6.82896 53.1423
-28.6952 53.1853 -7.06528 53.1853
-28.6784 53.2198 -7.15763 53.2198
-29.2259 53.2712 -7.1792 53.2712
-29.2105 53.3195 -7.24887 53.3195
-29.0742 53.3602 -7.31281 53.3602
-29.7721 53.4246 -7.41137 53.4246
-30.4905 53.4694 -7.47722 53.4694
-30.6414 53.5041 -7.56134 53.5041
-30.8013 53.5407 -7.61826 53.5407
-31.2508 53.5878 -7.69336 53.5878
-32.0351 53.6423 -7.79938 53.6423
-32.2377 53.6772 -7.87103 53.6772
-32.6325 53.7172 -7.91108 53.7172
-34.0359 53.7758 -8.03714 53.7758
-34.9392 53.827 -8.15468 53.827
-35.5022 53.8573 -8.22762 53.8573
-36.951 53.9074 -8.31219 53.9074
-38.1463 53.945 -8.3803 53.945
-39.0586 53.972 -8.44392 53.972
-40.0605 54.004 -8.49854 54.004
-44.0573 54.0921 -8.66336 54.0921
-47.0644 54.152 -8.83883 54.152
-49.0173 54.1783 -8.89798 54.1783
-52.6827 54.2327 -8.96634 54.2327
-19.8318 58.7832 -3.58679 58.7832
-19.2121 58.8156 -3.60901 58.8156
-18.8999 58.8557 -3.6149 58.8557
-18.4545 58.8885 -3.63456 58.8885
-18.2522 58.9287 -3.65649 58.9287
-18.3688 58.9833 -3.68304 58.9833
-18.4088 59.038 -3.71258 59.038
-18.4081 59.0945 -3.75032 59.0945
-17.8875 59.1237 -3.75695 59.1237
-17.6992 59.1699 -3.77271 59.1699
-18.2637 59.2766 -3.8267 59.2766
-18.5398 59.4025 -3.91521 59.4025
-21.2385 88.4879 -3.69614 88.4879
-20.5735 88.5292 -3.72423 88.5292
-20.5055 88.5862 -3.77069 88.5862
-20.5495 88.6499 -3.81319 88.6499
-19.2669 88.6697 -3.84096 88.6697
-18.9701 88.7141 -3.85821 88.7141
-18.495 88.7501 -3.86691 88.7501
-18.2896 88.7925 -3.88563 88.7925
-17.8156 88.8222 -3.92564 88.8222
-18.4725 88.8939 -3.9516 88.8939
-18.6103 88.9504 -3.98964 88.9504
-18.1551 88.9822 -3.99273 88.9822
-18.0935 89.0278 -4.01978 89.0278
-17.9839 89.0706 -4.03728 89.0706
-17.6016 89.0991 -4.05181 89.0991
-17.6219 89.1443 -4.08488 89.1443
-18.2357 89.2226 -4.11568 89.2226
-18.4515 89.2892 -4.1389 89.2892
-17.929 89.3158 -4.17077 89.3158
-17.6856 89.356 -4.18681 89.356
-18.441 89.4109 -4.22197 89.4109
-18.7076 89.4602 -4.25597 89.4602
-19.2794 89.5227 -4.30874 89.5227
-19.7605 89.5921 -4.35918 89.5921
-19.6603 89.6158 -4.40835 89.6158
-19.6269 89.6607 -4.42879 89.6607
-19.8403 89.7115 -4.46981 89.7115
-20.0672 89.7434 -4.50335 89.7434
-20.7359 89.8058 -4.63973 89.8058
-25.0805 90.2524 -4.04122 90.2524
-23.9296 90.2977 -4.04436 90.2977
-23.3181 90.3395 -4.28674 90.3395
-22.3664 90.3792 -4.38801 90.3792
-21.5164 90.4347 -4.49466 90.4347
-21.1607 90.4673 -4.57984 90.4673
-20.6914 90.4903 -4.62168 90.4903
-20.5763 90.5641 -4.78266 90.5641
-20.3147 90.6017 -4.86411 90.6017
-20.3774 90.6549 -4.96776 90.6549
-20.2736 90.6997 -5.07159 90.6997
-20.1625 90.7513 -5.16909 90.7513
-20.4076 90.7926 -5.2541 90.7926
-20.6329 90.8532 -5.36971 90.8532
-20.7704 90.8827 -5.42675 90.8827
-21.0183 90.9164 -5.48045 90.9164
-21.0459 90.9635 -5.57475 90.9635
-21.4132 90.9996 -5.63331 90.9996
-21.8998 91.0454 -5.76219 91.0454
-22.5578 91.0975 -5.84744 91.0975
-23.4527 91.1587 -6.40248 91.1587
-24.2633 91.2005 -6.42966 91.2005
-24.9526 91.2263 -6.07962 91.2263
-25.904 91.2659 -6.13718 91.2659
-27.0493 91.3069 -6.19147 91.3069
-28.5722 91.366 -6.28677 91.366
-28.746 91.4101 -6.36517 91.4101
-29.6391 91.4584 -6.40961 91.4584
-30.4339 91.5055 -6.40243 91.5055
-30.8674 91.5373 -6.41807 91.5373
-31.409 91.5799 -6.43005 91.5799
-31.9888 91.6344 -6.46141 91.6344
-32.3011 91.6713 -6.484 91.6713
-34.802 91.8487 -6.51277 91.8487
-34.7261 91.8882 -6.54534 91.8882
-34.6393 91.9301 -6.621 91.9301
-34.537 91.9767 -6.75432 91.9767
-34.4723 92.0226 -6.90308 92.0226
-34.3338 92.0677 -6.93731 92.0677
-34.383 92.1275 -6.9697 92.1275
-33.8684 92.1576 -6.9914 92.1576
-33.7368 92.1987 -7.00964 92.1987
-33.4361 92.2341 -7.02577 92.2341
-33.5222 92.2992 -7.06981 92.2992
-33.3914 92.3355 -7.1605 92.3355
-33.2253 92.3823 -7.17348 92.3823
-33.2065 92.4564 -7.20195 92.4564
-33.0807 92.4814 -7.22054 92.4814
-32.5564 92.515 -7.24325 92.515
-32.0889 92.5456 -7.26057 92.5456
-32.2693 92.5932 -7.29316 92.5932
-32.5915 92.6567 -7.33553 92.6567
-32.7896 92.733 -7.38852 92.733
-32.2525 92.7738 -7.42499 92.7738
-32.3564 92.8029 -7.44933 92.8029
-32.4043 92.8488 -7.47357 92.8488
-32.7887 92.9034 -7.51791 92.9034
-32.9294 92.9459 -7.56053 92.9459
-33.4639 92.9937 -7.61158 92.9937
-33.6741 93.0611 -7.67392 93.0611
-33.4641 93.094 -7.73823 93.094
-33.7296 93.1238 -7.75784 93.1238
-34.2235 93.1699 -7.79777 93.1699
-34.7485 93.2102 -7.84083 93.2102
-36.171 93.2719 -7.88105 93.2719
-37.3772 93.3302 -7.79164 93.3302
-37.6791 93.3727 -7.82261 93.3727
-38.169 93.4132 -8.15205 93.4132
-39.1431 93.4399 -8.19599 93.4399
-40.7402 93.4855 -8.24863 93.4855
-42.1326 93.5256 -8.31304 93.5256
-44.4995 93.5831 -8.42946 93.5831
-45.9728 93.6172 -8.49792 93.6172
-49.2153 93.6916 -8.62262 93.6916
-52.0491 93.7294 -8.7184 93.7294
-54.6185 93.7591 -8.76335 93.7591
-58.8145 93.812 -8.86157 93.812
-64.3771 93.8713 -8.99081 93.8713
-69.1822 93.9158 -9.0756 93.9158
-63.7654 94.0283 -9.28476 94.0283
-62.3111 94.0537 -9.21437 94.0537
-61.883 94.0909 -9.43843 94.0909
-62.2373 94.1384 -9.50794 94.1384
-62.5688 94.1991 -9.63227 94.1991
-63.5898 94.2571 -9.77184 94.2571
-64.1315 94.2962 -9.85282 94.2962
-63.6053 94.3548 -9.97673 94.3548
-62.9774 94.3864 -10.0448 94.3864
-12.2523 99.4169 -2.19118 99.4169
-11.8446 99.4534 -2.21162 99.4534
-11.3111 99.4771 -2.22978 99.4771
-11.3978 99.5327 -2.2768 99.5327
-11.4471 99.5887 -2.32136 99.5887
-11.392 99.64 -2.35906 99.64
-11.2503 99.6853 -2.40718 99.6853
-11.3224 99.7459 -2.47019 99.7459
-11.1194 99.7866 -2.53769 99.7866
-10.9297 99.8258 -2.57136 99.8258
-10.9039 99.877 -2.63587 99.877
-11.2845 99.9689 -2.7944 99.9689
-11.2734 100.035 -2.88134 100.035
-12.612 100.301 -3.42037 100.301
-12.2 100.399 -3.57585 100.399
-12.0963 100.669 -2.98684 100.669
-11.233 100.73 -3.12064 100.73
-10.4634 100.753 -3.18262 100.753
-10.2284 100.791 -3.23596 100.791
-10.4765 100.835 -3.32571 100.835
-10.7162 100.885 -3.40739 100.885
-10.7372 100.927 -3.51461 100.927
-10.7193 100.973 -3.59479 100.973
-10.8763 101.055 -3.78255 101.055
-10.9288 101.077 -3.8491 101.077
-11.0216 101.119 -3.90439 101.119
-11.2265 101.169 -3.98426 101.169
-11.2659 101.2 -4.03969 101.2
-11.5577 101.251 -4.12499 101.251
-11.9992 101.314 -4.22088 101.314
-12.3769 101.365 -4.3038 101.365
-12.7141 101.398 -4.36341 101.398
-13.1325 101.438 -4.40885 101.438
-13.4553 101.489 -4.45582 101.489
-13.746 101.54 -4.52295 101.54
-13.5992 101.576 -4.56552 101.576
-13.9098 101.629 -4.6099 101.629
-14.231 101.689 -4.67829 101.689
-14.4434 101.72 -4.70784 101.72
-14.7843 101.769 -4.74586 101.769
-15.5714 101.823 -4.78689 101.823
-16.698 101.883 -4.82739 101.883
-16.9934 101.905 -4.84668 101.905
-17.499 101.969 -4.88311 101.969
-17.8535 102.01 -4.91102 102.01
-18.1136 102.043 -4.946 102.043
-18.4531 102.092 -4.96043 102.092
-18.8963 102.158 -4.99881 102.158
-19.2235 102.21 -5.02339 102.21
-19.4521 102.251 -5.04938 102.251
-19.6499 102.296 -5.07353 102.296
-19.8451 102.324 -5.0893 102.324
-19.8856 102.363 -5.10478 102.363
-20.1653 102.426 -5.12812 102.426
-20.4185 102.478 -5.16004 102.478
-20.6426 102.527 -5.1873 102.527
-20.773 102.594 -5.159 102.594
-20.7688 102.621 -5.17987 102.621
-20.8296 102.664 -5.19569 102.664
-20.8758 102.71 -5.21431 102.71
-20.9719 102.764 -5.26955 102.764
-21.1415 102.82 -5.31655 102.82
-21.223 102.889 -5.38684 102.889
-21.2057 102.93 -5.43769 102.93
-21.0585 102.959 -5.45972 102.959
-20.8816 102.993 -5.49703 102.993
-20.8404 103.033 -5.52936 103.033
-22.4396 103.438 -6.12912 103.438
-22.7654 103.517 -6.27165 103.517
-26.3782 104.246 -6.59318 104.246
-25.9223 104.29 -6.69817 104.29
-25.5059 104.331 -6.77081 104.331
-25.5102 104.408 -6.91065 104.408
-25.7325 104.494 -7.08731 104.494
-25.6017 104.526 -7.16597 104.526
-25.7245 104.583 -7.2414 104.583
-25.6925 104.631 -7.31336 104.631
-26.0701 104.7 -7.42018 104.7
-26.5937 104.78 -7.52923 104.78
-26.4667 104.819 -7.60033 104.819
-26.901 104.881 -7.65251 104.881
-27.3964 104.936 -7.71636 104.936
-27.5389 104.987 -7.77028 104.987
-27.9621 105.053 -7.84083 105.053
-28.6733 105.128 -7.89734 105.128
-28.7771 105.172 -7.89664 105.172
-28.7117 105.214 -7.90534 105.214
-29.868 105.297 -7.97333 105.297
-30.5058 105.358 -7.99985 105.358
-31.0686 105.422 -7.87571 105.422
-30.6351 105.467 -7.86954 105.467
-26.8731 105.522 -7.87075 105.522
-22.5005 105.577 -7.8821 105.577
-21.6061 105.654 -7.86762 105.654
-17.8658 105.721 -8.24741 105.721
-17.0714 105.766 -8.31412 105.766
-16.4088 105.834 -8.35051 105.834
-15.6467 105.878 -8.37545 105.878
-14.491 105.941 -8.41015 105.941
-12.7417 106.026 -8.45481 106.026
-11.744 106.06 -8.47904 106.06
-9.60363 106.118 -8.51568 106.118
-8.17336 106.175 -8.5528 106.175
-6.88641 106.249 -8.61487 106.249
-5.13003 106.307 -8.66952 106.307
-3.19457 106.368 -8.75135 106.368
-1.81932 106.418 -8.80222 106.418
-0.831262 106.461 -8.84537 106.461
0.934108 106.539 -8.94294 106.539
1.63318 106.592 -9.01052 106.592
2.75149 106.67 -9.12879 106.67
2.65888 106.708 -9.19216 106.708
2.85758 106.771 -9.26991 106.771
2.50835 106.819 -9.35883 106.819
2.25994 106.883 -9.44516 106.883
1.52278 106.937 -9.56427 106.937
0.498429 107.007 -9.71152 107.007
-0.495837 107.044 -9.77316 107.044
-1.90797 107.11 -9.8825 107.11
-3.59697 107.173 -10.0047 107.173
-5.33645 107.224 -10.1171 107.224
-7.51146 107.293 -10.2596 107.293
-9.46738 107.342 -10.3479 107.342
-11.7643 107.398 -10.4697 107.398
-14.244 107.453 -10.5827 107.453
-42.3133 107.925 -10.3585 107.925
-41.75 107.957 -10.4161 107.957
-44.52 108.029 -10.5049 108.029
-46.1562 108.085 -10.6036 108.085
-47.0274 108.131 -10.6694 108.131
-50.4508 108.212 -10.7616 108.212
-61.4332 108.261 -10.8274 108.261
-59.8663 108.307 -10.8701 108.307
-58.8653 108.356 -10.9155 108.356
-58.5728 108.416 -10.9684 108.416
-57.7391 108.469 -11.022 108.469
-58.7466 108.552 -11.0919 108.552
-57.2274 108.586 -11.1204 108.586
-56.4892 108.634 -11.1529 108.634
-56.719 108.71 -11.1918 108.71
-56.1212 108.765 -11.2374 108.765
-56.0766 108.842 -11.2758 108.842
-54.8461 108.873 -11.3024 108.873
-55.4138 108.938 -11.3312 108.938
-56.8419 108.981 -11.3512 108.981
-59.2209 109.062 -11.3865 109.062
-51.2038 109.145 -11.4285 109.145
-49.5829 109.167 -11.4465 109.167
-35.6088 109.222 -11.4662 109.222
-35.9426 109.293 -11.5009 109.293
-36.1714 109.338 -11.5261 109.338
-36.2109 109.382 -11.5478 109.382
-36.6061 109.484 -11.5313 109.484
-36.9195 109.531 -11.5809 109.531
-37.0845 109.572 -11.6082 109.572
-37.4549 109.637 -11.6421 109.637
-42.989 110.213 -11.3128 110.213
-19.313 147.116 -4.00505 147.116
-19.1741 147.179 -4.47631 147.179
-19.2335 147.258 -4.64174 147.258
-18.7235 147.302 -4.77094 147.302
-18.2812 147.345 -4.83479 147.345
-18.1174 147.411 -4.92867 147.411
-17.8033 147.467 -5.05677 147.467
-17.5754 147.538 -5.1774 147.538
-17.2025 147.6 -5.32284 147.6
-16.6785 147.642 -5.40586 147.642
-16.2224 147.698 -5.34412 147.698
-15.7648 147.761 -5.29992 147.761
-15.8869 147.815 -5.75687 147.815
-16.2831 147.894 -5.91126 147.894
-16.451 147.931 -5.97168 147.931
-16.6865 147.983 -6.04545 147.983
-16.9838 148.046 -6.14425 148.046
-16.6101 148.097 -6.20993 148.097
-16.3528 171.166 -4.87179 171.166
-15.9615 171.219 -4.95206 171.219
