-24.0816 0 -2.91044 0
-23.2514 0.0428295 -2.98251 0.0428295
-22.758 0.0923133 -3.06342 0.0923133
-21.9385 0.132604 -3.14738 0.132604
-21.7186 0.187274 -3.23174 0.187274
-29.7644 0.62706 -2.86469 0.62706
-25.7669 0.710741 -3.15176 0.710741
-22.5401 0.755919 -3.22277 0.755919
-20.2362 0.793819 -3.33783 0.793819
-18.8156 0.856923 -3.44232 0.856923
-17.3278 0.87647 -3.50617 0.87647
-16.3068 0.908979 -3.5719 0.908979
-15.6694 0.962999 -3.66566 0.962999
-14.9476 0.990857 -3.73121 0.990857
-14.5664 1.05152 -3.81514 1.05152
-14.1109 1.09391 -3.92742 1.09391
-13.7418 1.1441 -3.99583 1.1441
-13.3447 1.18282 -4.08036 1.18282
-12.9259 1.20797 -4.11915 1.20797
-13.4046 1.35968 -4.32079 1.35968
-13.4804 1.39816 -4.36384 1.39816
-13.63 1.44606 -4.41514 1.44606
-13.8168 1.5021 -4.49318 1.5021
-13.9216 1.53265 -4.56193 1.53265
-14.0856 1.57555 -4.59118 1.57555
-14.3096 1.61658 -4.62357 1.61658
-14.757 1.66294 -4.66861 1.66294
-15.1801 1.70859 -4.70377 1.70859
-15.6794 1.75205 -4.74663 1.75205
-16.3028 1.80792 -4.79343 1.80792
-16.8276 1.8392 -4.82063 1.8392
-17.5145 1.91663 -4.86718 1.91663
-17.9049 1.9718 -4.89017 1.9718
-18.2012 2.00336 -4.90859 2.00336
-19.048 2.10347 -4.97845 2.10347
-19.646 2.18653 -5.02434 2.18653
-19.9467 2.22431 -5.03853 2.22431
-20.1849 2.26906 -5.0671 2.26906
-20.5172 2.31193 -5.09701 2.31193
-21.0609 2.39941 -5.13973 2.39941
-21.4162 2.46004 -5.16685 2.46004
-21.624 2.48819 -5.18288 2.48819
-21.9352 2.52942 -5.19904 2.52942
-22.4517 2.65198 -5.25595 2.65198
-22.6174 2.70909 -5.29927 2.70909
