-24.0816 0 -2.91044 0
-23.2514 0.0428295 -2.98251 0.0428295
-22.758 0.0923133 -3.06342 0.0923133
-21.9385 0.132604 -3.14738 0.132604
-21.7186 0.187274 -3.23174 0.187274
-29.7644 0.62706 -2.86469 0.62706
-25.7669 0.710741 -3.15176 0.710741
-22.5401 0.755919 -3.22277 0.755919
-20.2362 0.793819 -3.33783 0.793819
-18.8156 0.856923 -3.44232 0.856923
-17.3278 0.87647 -3.50617 0.87647
-16.3068 0.908979 -3.5719 0.908979
-15.6694 0.962999 -3.66566 0.962999
-14.9476 0.990857 -3.73121 0.990857
-14.5664 1.05152 -3.81514 1.05152
-14.1109 1.09391 -3.92742 1.09391
-13.7418 1.1441 -3.99583 1.1441
-13.3447 1.18282 -4.08036 1.18282
-12.9259 1.20797 -4.11915 1.20797
