-28.9316 0 -3.17193 0
-26.8256 0.0466211 -3.23792 0.0466211
-25.1419 0.0918078 -3.28366 0.0918078
-24.3505 0.153426 -3.36555 0.153426
-23.557 0.212819 -3.44132 0.212819
-22.4564 0.257767 -3.51381 0.257767
-21.0992 0.284744 -3.55516 0.284744
-20.8496 0.342188 -3.62356 0.342188
-20.2394 0.384299 -3.69936 0.384299
-24.5748 0.665343 -4.24499 0.665343
-22.8079 0.706688 -4.32583 0.706688
-21.3622 0.741207 -4.38482 0.741207
-20.441 0.791139 -4.47262 0.791139
-19.86 0.856651 -4.61201 0.856651
-19.1 0.900179 -4.72318 0.900179
-18.4184 0.940101 -4.79033 0.940101
-17.8075 0.977287 -4.85842 0.977287
-17.4078 1.03292 -4.95392 1.03292
-26.8845 10.1853 -2.68102 10.1853
-25.5127 10.2244 -2.74577 10.2244
-24.5306 10.2673 -2.79904 10.2673
-23.9295 10.3169 -2.87408 10.3169
-23.8058 10.3799 -2.91554 10.3799
-22.4273 10.414 -2.80073 10.414
-21.5643 10.4558 -2.81129 10.4558
-20.7337 10.4948 -2.84165 10.4948
-20.0799 10.5354 -2.89307 10.5354
-19.6169 10.5766 -3.28034 10.5766
-19.3506 10.6224 -3.33444 10.6224
-25.6773 10.9954 -3.00089 10.9954
-22.8216 11.0353 -3.07456 11.0353
-20.5805 11.0612 -3.13271 11.0612
-18.8409 11.0808 -3.16766 11.0808
-18.1924 11.1582 -3.29904 11.1582
-17.4524 11.2209 -3.45483 11.2209
-16.5775 11.2563 -3.57486 11.2563
-16.0909 11.3201 -3.68474 11.3201
-15.3748 11.3466 -3.76556 11.3466
-15.4802 11.3973 -3.82241 11.3973
-15.5954 11.4387 -3.92986 11.4387
-15.6779 11.4801 -3.99976 11.4801
-16.1105 11.5821 -3.95198 11.5821
-16.578 11.6661 -3.97408 11.6661
-17.3693 11.8118 -3.93874 11.8118
-17.7908 11.9554 -4.10052 11.9554
-17.8042 12.0451 -4.71645 12.0451
-17.873 12.1259 -4.76966 12.1259
-17.8809 12.2765 -4.88944 12.2765
-17.6335 12.4461 -4.98596 12.4461
-17.3648 12.6074 -5.07254 12.6074
-17.0421 12.6886 -5.10039 12.6886
-16.5665 12.8312 -5.17524 12.8312
