-11.8444 0 -2.63252 0
-11.544 0.0317798 -2.64816 0.0317798
-11.5217 0.0743389 -2.66014 0.0743389
-11.7333 0.128886 -2.6915 0.128886
-11.6112 0.165784 -2.71409 0.165784
-13.7323 0.343147 -2.74286 0.343147
-13.1907 0.38264 -2.77542 0.38264
-12.822 0.424548 -2.85108 0.424548
-12.6208 0.47117 -2.98441 0.47117
-12.476 0.517016 -3.13317 0.517016
-12.3477 0.562181 -3.1674 0.562181
-12.3906 0.621957 -3.19979 0.621957
-12.088 0.652045 -3.22149 0.652045
-11.9356 0.693155 -3.23973 0.693155
-11.7328 0.72859 -3.25586 0.72859
-11.78 0.793693 -3.2999 0.793693
-11.547 0.829996 -3.39059 0.829996
-11.3777 0.876791 -3.40356 0.876791
-11.3123 0.950893 -3.43204 0.950893
-10.9303 0.975831 -3.45062 0.975831
-10.9454 1.0095 -3.47334 1.0095
-10.9672 1.04001 -3.49066 1.04001
-11.2108 1.08768 -3.52325 1.08768
-11.508 1.1511 -3.56562 1.1511
-11.7643 1.2274 -3.61861 1.2274
-11.7351 1.26827 -3.65508 1.26827
-11.9283 1.29737 -3.67942 1.29737
-12.102 1.34329 -3.70366 1.34329
-12.4025 1.39788 -3.748 1.39788
-12.8999 1.48811 -3.84167 1.48811
-13.5199 1.58843 -3.96832 1.58843
-13.6916 1.6644 -4.02785 1.6644
-14.1131 1.76633 -4.49011 1.76633
-14.3694 1.82466 -3.99387 1.82466
-14.7611 1.90768 -4.38214 1.90768
-15.1264 1.97998 -4.47871 1.97998
-15.4162 2.0201 -4.54312 2.0201
-16.0272 2.11165 -4.72801 2.11165
-16.5882 2.22389 -4.94848 2.22389
-16.9778 2.30642 -5.06799 2.30642
-17.478 2.36574 -5.22089 2.36574
-18.7312 2.54818 -5.22526 2.54818
-19.1543 2.63287 -5.73802 2.63287
-20.328 2.84925 -6.18693 2.84925
