-24.0816 0 -2.91044 0
-23.2514 0.0428295 -2.98251 0.0428295
-22.758 0.0923133 -3.06342 0.0923133
-21.9385 0.132604 -3.14738 0.132604
-21.7186 0.187274 -3.23174 0.187274
-29.7644 0.62706 -2.86469 0.62706
-25.7669 0.710741 -3.15176 0.710741
-22.5401 0.755919 -3.22277 0.755919
-20.2362 0.793819 -3.33783 0.793819
-18.8156 0.856923 -3.44232 0.856923
-17.3278 0.87647 -3.50617 0.87647
-16.3068 0.908979 -3.5719 0.908979
-15.6694 0.962999 -3.66566 0.962999
-14.9476 0.990857 -3.73121 0.990857
-14.5664 1.05152 -3.81514 1.05152
-14.1109 1.09391 -3.92742 1.09391
-13.7418 1.1441 -3.99583 1.1441
-13.3447 1.18282 -4.08036 1.18282
-12.9259 1.20797 -4.11915 1.20797
-13.4046 1.35968 -4.32079 1.35968
-13.4804 1.39816 -4.36384 1.39816
-13.63 1.44606 -4.41514 1.44606
-13.8168 1.5021 -4.49318 1.5021
-13.9216 1.53265 -4.56193 1.53265
-14.0856 1.57555 -4.59118 1.57555
-14.3096 1.61658 -4.62357 1.61658
-14.757 1.66294 -4.66861 1.66294
-15.1801 1.70859 -4.70377 1.70859
-15.6794 1.75205 -4.74663 1.75205
-16.3028 1.80792 -4.79343 1.80792
-16.8276 1.8392 -4.82063 1.8392
-17.2525 1.87595 -4.83956 1.87595
-17.5765 1.91663 -4.86718 1.91663
-18.1078 1.9718 -4.89017 1.9718
-18.5449 2.00336 -4.90859 2.00336
-19.1022 2.05229 -4.94795 2.05229
-19.6994 2.10347 -4.97845 2.10347
-20.1668 2.15374 -5.00521 2.15374
-20.6247 2.18653 -5.02434 2.18653
-21.1554 2.22431 -5.03853 2.22431
-21.8051 2.26906 -5.0671 2.26906
-22.4571 2.31193 -5.09701 2.31193
-23.3221 2.36628 -5.12223 2.36628
-23.9493 2.39941 -5.13973 2.39941
-24.8243 2.46004 -5.16685 2.46004
-25.4783 2.48819 -5.18288 2.48819
-26.4376 2.52942 -5.19904 2.52942
-24.9893 2.56287 -5.1986 2.56287
-25.1283 2.6112 -5.22993 2.6112
-25.4587 2.65198 -5.25595 2.65198
-26.0005 2.70909 -5.29927 2.70909
-22.0832 6.88135 -3.26142 6.88135
-21.1188 6.92459 -3.34157 6.92459
-20.3476 6.96774 -3.40398 6.96774
-20.0136 7.0208 -3.51 7.0208
-19.6453 7.07072 -3.60645 7.07072
-19.7319 7.13591 -3.73235 7.13591
-19.1495 7.17483 -3.84193 7.17483
-18.6 7.20917 -3.90261 7.20917
-18.6012 7.26186 -3.99416 7.26186
-18.4583 7.30763 -4.06964 7.30763
-18.5042 7.36048 -4.16691 7.36048
-18.6383 7.41787 -4.30156 7.41787
-18.5668 7.46598 -4.41736 7.46598
-18.0795 7.49079 -4.45984 7.49079
-17.8846 7.52674 -4.52788 7.52674
-18.1785 7.5898 -4.66786 7.5898
-18.096 7.63476 -4.75028 7.63476
-17.8625 7.67041 -4.81477 7.67041
-17.8452 7.72092 -4.90897 7.72092
-19.6782 7.95738 -5.32575 7.95738
-20.3698 8.05107 -5.57627 8.05107
-20.8814 8.11699 -5.67088 8.11699
-20.8298 8.14267 -5.7047 8.14267
-21.0665 8.18838 -5.75714 8.18838
-21.1125 8.23952 -5.81164 8.23952
-21.4363 8.28545 -5.85023 8.28545
-21.6712 8.32942 -5.89056 8.32942
-21.8715 8.37225 -5.92959 8.37225
-22.2775 8.44201 -5.99301 8.44201
-21.3457 8.46832 -6.0247 8.46832
-21.5095 8.50211 -6.0504 8.50211
-21.7258 8.54224 -6.06852 8.54224
-21.9215 8.58583 -6.09757 8.58583
-22.1589 8.64159 -6.13358 8.64159
-22.5063 8.68099 -6.16386 8.68099
-22.7152 8.71701 -6.18692 8.71701
-23.3764 8.78487 -6.23131 8.78487
-23.8299 8.81324 -6.24729 8.81324
-24.3203 8.85147 -6.26414 8.85147
-24.88 8.89314 -6.28652 8.89314
-25.6858 8.93254 -6.29953 8.93254
-26.7107 8.98922 -6.32215 8.98922
-27.9585 9.05363 -6.35598 9.05363
-28.7529 9.09374 -6.38812 9.09374
-29.8995 9.13271 -6.40561 9.13271
-31.0665 9.17417 -6.42467 9.17417
-32.4117 9.2191 -6.43073 9.2191
-34.0977 9.27747 -6.4614 9.27747
-35.5107 9.32476 -6.49116 9.32476
-34.1499 9.3795 -6.52595 9.3795
-33.8637 9.41663 -6.56178 9.41663
-33.8508 9.45638 -6.5874 9.45638
-34.0638 9.4993 -6.61853 9.4993
-35.0255 9.55264 -6.63366 9.55264
-37.705 9.70793 -6.80309 9.70793
-37.1848 9.74109 -6.86796 9.74109
-37.2976 9.78322 -6.9143 9.78322
-37.3786 9.83244 -6.96497 9.83244
-37.283 9.89134 -7.06746 9.89134
-37.0955 9.94308 -7.13745 9.94308
-37.5068 10.0114 -7.24734 10.0114
-37.1637 10.0391 -7.30457 10.0391
-37.0687 10.0715 -7.3404 10.0715
-36.8579 10.1178 -7.38841 10.1178
-36.7866 10.1459 -7.45682 10.1459
-36.6329 10.1866 -7.52484 10.1866
-37.0248 10.249 -7.60902 10.249
-37.4977 10.2985 -7.7088 10.2985
-40.7747 10.49 -8.1429 10.49
-40.6764 10.5319 -8.23557 10.5319
-28.9316 39.6689 -3.17193 39.6689
-26.8256 39.7155 -3.23792 39.7155
-25.1419 39.7607 -3.28366 39.7607
-24.3505 39.8223 -3.36555 39.8223
-23.557 39.8817 -3.44132 39.8817
-22.4564 39.9266 -3.51381 39.9266
-21.0992 39.9536 -3.55516 39.9536
-20.8496 40.011 -3.62356 40.011
-20.2394 40.0532 -3.69936 40.0532
-24.5748 40.3342 -4.24499 40.3342
-22.8079 40.3755 -4.32583 40.3755
-21.3622 40.4101 -4.38482 40.4101
-20.441 40.46 -4.47262 40.46
-19.86 40.5255 -4.61201 40.5255
-19.1 40.569 -4.72318 40.569
-18.4184 40.609 -4.79033 40.609
-17.8075 40.6461 -4.85842 40.6461
-17.4078 40.7018 -4.95392 40.7018
-26.8845 49.8542 -2.68102 49.8542
-25.5127 49.8932 -2.74577 49.8932
-24.5306 49.9362 -2.79904 49.9362
-23.9295 49.9858 -2.87408 49.9858
-23.8058 50.0488 -2.91554 50.0488
-22.4273 50.0829 -2.80073 50.0829
-21.5643 50.1246 -2.81129 50.1246
-20.7337 50.1637 -2.84165 50.1637
-20.0799 50.2043 -2.89307 50.2043
-19.6169 50.2454 -3.28034 50.2454
-19.3506 50.2913 -3.33444 50.2913
-25.6773 50.6642 -3.00089 50.6642
-22.8216 50.7041 -3.07456 50.7041
-20.5805 50.7301 -3.13271 50.7301
-18.8409 50.7496 -3.16766 50.7496
-18.1924 50.827 -3.29904 50.827
-17.4524 50.8897 -3.45483 50.8897
-16.5775 50.9252 -3.57486 50.9252
-16.0909 50.989 -3.68474 50.989
-15.3748 51.0155 -3.76556 51.0155
-15.4802 51.0661 -3.82241 51.0661
-15.5954 51.1075 -3.92986 51.1075
-15.6779 51.1489 -3.99976 51.1489
-15.722 51.1975 -4.05535 51.1975
-16.0759 51.251 -4.10702 51.251
-16.4809 51.3079 -3.99742 51.3079
-16.5324 51.3349 -4.03211 51.3349
-16.6965 51.3766 -4.06382 51.3766
-17.2263 51.4333 -4.06642 51.4333
-17.4704 51.4807 -3.99719 51.4807
-17.5819 51.5221 -4.01414 51.5221
-18.1401 51.5727 -4.57232 51.5727
-18.7527 51.6243 -4.63618 51.6243
-18.9808 51.6575 -4.66303 51.6575
-19.7879 51.714 -4.71645 51.714
-20.3625 51.7629 -4.75101 51.7629
-20.5837 51.7948 -4.76966 51.7948
-22.0359 51.9115 -4.88033 51.9115
-22.2959 51.9454 -4.88944 51.9454
-22.6552 51.9854 -4.91525 51.9854
-22.7708 52.0179 -4.92582 52.0179
-23.4361 52.0851 -4.95976 52.0851
-23.5983 52.115 -4.98596 52.115
-23.7744 52.166 -5.00335 52.166
-24.6057 52.2402 -5.04639 52.2402
-24.6645 52.2763 -5.07254 52.2763
-24.6922 52.3105 -5.07855 52.3105
-25.0601 52.3574 -5.10039 52.3574
-25.6629 52.4117 -5.1369 52.4117
-24.8795 52.4483 -5.15413 52.4483
-25.4565 52.5001 -5.17524 52.5001
-25.8938 52.5575 -5.21757 52.5575
-25.6639 52.5875 -5.23329 52.5875
-25.8078 52.6296 -5.24219 52.6296
-26.1298 52.6763 -5.27117 52.6763
-26.098 52.7295 -5.30126 52.7295
-26.6655 52.7861 -5.34999 52.7861
-27.718 52.8668 -5.41388 52.8668
-27.7257 52.9006 -5.47336 52.9006
-27.7631 52.9572 -5.50186 52.9572
-27.9026 52.9957 -5.60251 52.9957
-27.8427 53.0233 -6.16 53.0233
-27.7831 53.0887 -6.5183 53.0887
-28.3081 53.1423 -6.82896 53.1423
-28.6952 53.1853 -7.06528 53.1853
-28.6784 53.2198 -7.15763 53.2198
-29.2259 53.2712 -7.1792 53.2712
-29.2105 53.3195 -7.24887 53.3195
-29.0742 53.3602 -7.31281 53.3602
-29.7721 53.4246 -7.41137 53.4246
-30.4905 53.4694 -7.47722 53.4694
-30.6414 53.5041 -7.56134 53.5041
-30.8013 53.5407 -7.61826 53.5407
-31.2508 53.5878 -7.69336 53.5878
-32.0351 53.6423 -7.79938 53.6423
-32.2377 53.6772 -7.87103 53.6772
-32.6325 53.7172 -7.91108 53.7172
