-24.0816 0 -2.91044 0
-23.2514 0.0428295 -2.98251 0.0428295
-22.758 0.0923133 -3.06342 0.0923133
-21.9385 0.132604 -3.14738 0.132604
-21.7186 0.187274 -3.23174 0.187274
-29.7644 0.62706 -2.86469 0.62706
-25.7669 0.710741 -3.15176 0.710741
-22.5401 0.755919 -3.22277 0.755919
-20.2362 0.793819 -3.33783 0.793819
-18.8156 0.856923 -3.44232 0.856923
-17.3278 0.87647 -3.50617 0.87647
-16.3068 0.908979 -3.5719 0.908979
-15.6694 0.962999 -3.66566 0.962999
-14.9476 0.990857 -3.73121 0.990857
-14.5664 1.05152 -3.81514 1.05152
-14.1109 1.09391 -3.92742 1.09391
-13.7418 1.1441 -3.99583 1.1441
-13.3447 1.18282 -4.08036 1.18282
-12.9259 1.20797 -4.11915 1.20797
-13.4046 1.35968 -4.32079 1.35968
-13.4804 1.39816 -4.36384 1.39816
-13.63 1.44606 -4.41514 1.44606
-13.8168 1.5021 -4.49318 1.5021
-13.9216 1.53265 -4.56193 1.53265
-14.0856 1.57555 -4.59118 1.57555
-14.3096 1.61658 -4.62357 1.61658
-14.757 1.66294 -4.66861 1.66294
-15.1801 1.70859 -4.70377 1.70859
-15.6794 1.75205 -4.74663 1.75205
-16.3028 1.80792 -4.79343 1.80792
-16.8276 1.8392 -4.82063 1.8392
-17.2525 1.87595 -4.83956 1.87595
-17.5765 1.91663 -4.86718 1.91663
-18.1078 1.9718 -4.89017 1.9718
-18.5449 2.00336 -4.90859 2.00336
-19.1022 2.05229 -4.94795 2.05229
-19.6994 2.10347 -4.97845 2.10347
-20.1668 2.15374 -5.00521 2.15374
-20.6247 2.18653 -5.02434 2.18653
-21.1554 2.22431 -5.03853 2.22431
-21.8051 2.26906 -5.0671 2.26906
-22.4571 2.31193 -5.09701 2.31193
-23.3221 2.36628 -5.12223 2.36628
-23.9493 2.39941 -5.13973 2.39941
-24.8243 2.46004 -5.16685 2.46004
-25.4783 2.48819 -5.18288 2.48819
-26.4376 2.52942 -5.19904 2.52942
-24.9893 2.56287 -5.1986 2.56287
-25.1283 2.6112 -5.22993 2.6112
-25.4587 2.65198 -5.25595 2.65198
-26.0005 2.70909 -5.29927 2.70909
-22.0832 6.88135 -3.26142 6.88135
-21.1188 6.92459 -3.34157 6.92459
-20.3476 6.96774 -3.40398 6.96774
-20.0136 7.0208 -3.51 7.0208
-19.6453 7.07072 -3.60645 7.07072
-19.7319 7.13591 -3.73235 7.13591
-19.1495 7.17483 -3.84193 7.17483
-18.6 7.20917 -3.90261 7.20917
-18.6012 7.26186 -3.99416 7.26186
-18.4583 7.30763 -4.06964 7.30763
-18.5042 7.36048 -4.16691 7.36048
-18.6383 7.41787 -4.30156 7.41787
-18.5668 7.46598 -4.41736 7.46598
-18.0795 7.49079 -4.45984 7.49079
-17.8846 7.52674 -4.52788 7.52674
-18.1785 7.5898 -4.66786 7.5898
-18.096 7.63476 -4.75028 7.63476
-17.8625 7.67041 -4.81477 7.67041
-17.8452 7.72092 -4.90897 7.72092
-19.6782 7.95738 -5.32575 7.95738
-20.3698 8.05107 -5.57627 8.05107
-20.8814 8.11699 -5.67088 8.11699
-20.8298 8.14267 -5.7047 8.14267
-21.0665 8.18838 -5.75714 8.18838
-21.1125 8.23952 -5.81164 8.23952
-21.4363 8.28545 -5.85023 8.28545
-21.6712 8.32942 -5.89056 8.32942
-21.8715 8.37225 -5.92959 8.37225
-22.2775 8.44201 -5.99301 8.44201
-21.3457 8.46832 -6.0247 8.46832
-21.5095 8.50211 -6.0504 8.50211
-21.7258 8.54224 -6.06852 8.54224
-21.9215 8.58583 -6.09757 8.58583
-22.1589 8.64159 -6.13358 8.64159
-22.5063 8.68099 -6.16386 8.68099
-22.7152 8.71701 -6.18692 8.71701
-23.3764 8.78487 -6.23131 8.78487
-23.8299 8.81324 -6.24729 8.81324
-24.3203 8.85147 -6.26414 8.85147
-24.88 8.89314 -6.28652 8.89314
-25.6858 8.93254 -6.29953 8.93254
-26.7107 8.98922 -6.32215 8.98922
-27.9585 9.05363 -6.35598 9.05363
-28.7529 9.09374 -6.38812 9.09374
-29.8995 9.13271 -6.40561 9.13271
-31.0665 9.17417 -6.42467 9.17417
-32.4117 9.2191 -6.43073 9.2191
-34.0977 9.27747 -6.4614 9.27747
-35.5107 9.32476 -6.49116 9.32476
-34.1499 9.3795 -6.52595 9.3795
-33.8637 9.41663 -6.56178 9.41663
-33.8508 9.45638 -6.5874 9.45638
-34.0638 9.4993 -6.61853 9.4993
-35.0255 9.55264 -6.63366 9.55264
-37.705 9.70793 -6.80309 9.70793
-37.1848 9.74109 -6.86796 9.74109
-37.2976 9.78322 -6.9143 9.78322
-37.3786 9.83244 -6.96497 9.83244
-37.283 9.89134 -7.06746 9.89134
-37.0955 9.94308 -7.13745 9.94308
-37.5068 10.0114 -7.24734 10.0114
-37.1637 10.0391 -7.30457 10.0391
-37.0687 10.0715 -7.3404 10.0715
-36.8579 10.1178 -7.38841 10.1178
-36.7866 10.1459 -7.45682 10.1459
-36.6329 10.1866 -7.52484 10.1866
-37.0248 10.249 -7.60902 10.249
-37.4977 10.2985 -7.7088 10.2985
-40.7747 10.49 -8.1429 10.49
-40.6764 10.5319 -8.23557 10.5319
