-21.3866 0 -3.22475 0
-21.1045 0.0606577 -3.34908 0.0606577
-20.684 0.118656 -3.48866 0.118656
-19.7233 0.157834 -3.56963 0.157834
-19.5475 0.21639 -3.69355 0.21639
-18.6378 0.248004 -3.76165 0.248004
-12.2523 5.27852 -2.19118 5.27852
-11.8446 5.31494 -2.21162 5.31494
-11.3111 5.33873 -2.22978 5.33873
-11.3978 5.39431 -2.2768 5.39431
-11.4471 5.45032 -2.32136 5.45032
-11.392 5.50159 -2.35906 5.50159
-11.2503 5.54684 -2.40718 5.54684
-11.3224 5.60747 -2.47019 5.60747
-11.1194 5.64823 -2.53769 5.64823
-10.9297 5.68743 -2.57136 5.68743
-10.9039 5.73858 -2.63587 5.73858
-11.2845 5.83048 -2.7944 5.83048
-11.2734 5.89633 -2.88134 5.89633
-12.612 6.16298 -3.42037 6.16298
-12.2 6.26069 -3.57585 6.26069
-12.0963 6.53067 -2.98684 6.53067
-11.233 6.59121 -3.12064 6.59121
-10.4634 6.61463 -3.18262 6.61463
-10.2284 6.65276 -3.23596 6.65276
-10.4765 6.69699 -3.32571 6.69699
-10.7162 6.74688 -3.40739 6.74688
-10.7372 6.78815 -3.51461 6.78815
-10.7193 6.83482 -3.59479 6.83482
-10.8763 6.91691 -3.78255 6.91691
-10.9288 6.93907 -3.8491 6.93907
-11.0216 6.98099 -3.90439 6.98099
-11.2265 7.0309 -3.98426 7.0309
-11.2659 7.06174 -4.03969 7.06174
-11.5577 7.11274 -4.12499 7.11274
-11.9992 7.17566 -4.22088 7.17566
-12.3769 7.22648 -4.3038 7.22648
-12.7141 7.25937 -4.36341 7.25937
-13.1325 7.29991 -4.40885 7.29991
-13.4553 7.35012 -4.45582 7.35012
-13.746 7.40145 -4.52295 7.40145
-13.5992 7.43805 -4.56552 7.43805
-13.9098 7.491 -4.6099 7.491
-14.231 7.55024 -4.67829 7.55024
-14.4434 7.58162 -4.70784 7.58162
-14.7843 7.63088 -4.74586 7.63088
-15.5714 7.68426 -4.78689 7.68426
-16.698 7.74503 -4.82739 7.74503
-16.9934 7.7663 -4.84668 7.7663
-17.499 7.83013 -4.88311 7.83013
-17.8535 7.87141 -4.91102 7.87141
-18.1136 7.90434 -4.946 7.90434
-18.4531 7.95356 -4.96043 7.95356
-18.8963 8.01949 -4.99881 8.01949
-19.2235 8.07155 -5.02339 8.07155
-19.4521 8.1126 -5.04938 8.1126
-19.6499 8.1576 -5.07353 8.1576
-19.8451 8.18532 -5.0893 8.18532
-19.8856 8.22473 -5.10478 8.22473
-20.1653 8.28733 -5.12812 8.28733
-20.4185 8.33933 -5.16004 8.33933
-20.6426 8.38847 -5.1873 8.38847
-20.773 8.45523 -5.159 8.45523
-20.7688 8.4825 -5.17987 8.4825
-20.8296 8.52537 -5.19569 8.52537
-20.8758 8.5712 -5.21431 8.5712
-20.9719 8.6258 -5.26955 8.6258
-21.1415 8.68172 -5.31655 8.68172
-21.223 8.75031 -5.38684 8.75031
-21.2057 8.79127 -5.43769 8.79127
-21.0585 8.82031 -5.45972 8.82031
-20.8816 8.85493 -5.49703 8.85493
-20.8404 8.89435 -5.52936 8.89435
-22.4396 9.29965 -6.12912 9.29965
-22.7654 9.37864 -6.27165 9.37864
-26.3782 10.1072 -6.59318 10.1072
-25.9223 10.1515 -6.69817 10.1515
-25.5059 10.193 -6.77081 10.193
-25.5102 10.27 -6.91065 10.27
-25.7325 10.356 -7.08731 10.356
-25.6017 10.3874 -7.16597 10.3874
-25.7245 10.4444 -7.2414 10.4444
-25.6925 10.4922 -7.31336 10.4922
-26.0701 10.5616 -7.42018 10.5616
-26.5937 10.6415 -7.52923 10.6415
-26.4667 10.681 -7.60033 10.681
-26.901 10.7422 -7.65251 10.7422
-27.3964 10.7976 -7.71636 10.7976
-27.5389 10.8488 -7.77028 10.8488
-27.9621 10.9142 -7.84083 10.9142
-28.6733 10.99 -7.89734 10.99
-28.7771 11.0333 -7.89664 11.0333
-28.7117 11.0758 -7.90534 11.0758
-29.868 11.1587 -7.97333 11.1587
-30.5058 11.2199 -7.99985 11.2199
-31.0686 11.2834 -7.87571 11.2834
-30.6351 11.3287 -7.86954 11.3287
-26.8731 11.3836 -7.87075 11.3836
-22.5005 11.4388 -7.8821 11.4388
-21.6061 11.5157 -7.86762 11.5157
-17.8658 11.5821 -8.24741 11.5821
-17.0714 11.6273 -8.31412 11.6273
-16.4088 11.6952 -8.35051 11.6952
-15.6467 11.7393 -8.37545 11.7393
-14.491 11.8023 -8.41015 11.8023
-12.7417 11.8874 -8.45481 11.8874
-11.744 11.9214 -8.47904 11.9214
-9.60363 11.9796 -8.51568 11.9796
-8.17336 12.0368 -8.5528 12.0368
-6.88641 12.1101 -8.61487 12.1101
-5.13003 12.1682 -8.66952 12.1682
-3.19457 12.2296 -8.75135 12.2296
-1.81932 12.2797 -8.80222 12.2797
-0.831262 12.3229 -8.84537 12.3229
0.934108 12.4003 -8.94294 12.4003
1.63318 12.4533 -9.01052 12.4533
2.75149 12.5316 -9.12879 12.5316
2.65888 12.5692 -9.19216 12.5692
2.85758 12.6322 -9.26991 12.6322
2.50835 12.6804 -9.35883 12.6804
2.25994 12.7445 -9.44516 12.7445
1.52278 12.7989 -9.56427 12.7989
0.498429 12.8681 -9.71152 12.8681
-0.495837 12.9053 -9.77316 12.9053
-1.90797 12.9721 -9.8825 12.9721
-3.59697 13.0346 -10.0047 13.0346
-5.33645 13.0855 -10.1171 13.0855
-7.51146 13.1543 -10.2596 13.1543
-9.46738 13.2032 -10.3479 13.2032
-11.7643 13.2592 -10.4697 13.2592
-14.244 13.3147 -10.5827 13.3147
-42.3133 13.7864 -10.3585 13.7864
-41.75 13.8184 -10.4161 13.8184
-44.52 13.8911 -10.5049 13.8911
-46.1562 13.9467 -10.6036 13.9467
-47.0274 13.993 -10.6694 13.993
-50.4508 14.0733 -10.7616 14.0733
-61.4332 14.123 -10.8274 14.123
-59.8663 14.169 -10.8701 14.169
-58.8653 14.2178 -10.9155 14.2178
-58.5728 14.2771 -10.9684 14.2771
-57.7391 14.3301 -11.022 14.3301
-58.7466 14.4137 -11.0919 14.4137
-57.2274 14.4471 -11.1204 14.4471
-56.4892 14.4953 -11.1529 14.4953
-56.719 14.5711 -11.1918 14.5711
-56.1212 14.6269 -11.2374 14.6269
-56.0766 14.7035 -11.2758 14.7035
-54.8461 14.7342 -11.3024 14.7342
-55.4138 14.7992 -11.3312 14.7992
-56.8419 14.8431 -11.3512 14.8431
-59.2209 14.9235 -11.3865 14.9235
-51.2038 15.0067 -11.4285 15.0067
-49.5829 15.0281 -11.4465 15.0281
-35.6088 15.0834 -11.4662 15.0834
-35.9426 15.1547 -11.5009 15.1547
-36.1714 15.1992 -11.5261 15.1992
-36.2109 15.244 -11.5478 15.244
-36.6061 15.346 -11.5313 15.346
-36.9195 15.3923 -11.5809 15.3923
-37.0845 15.4335 -11.6082 15.4335
-37.4549 15.4982 -11.6421 15.4982
-42.989 16.0746 -11.3128 16.0746
-19.313 52.9772 -4.00505 52.9772
-19.1741 53.0411 -4.47631 53.0411
-19.2335 53.12 -4.64174 53.12
-18.7235 53.1633 -4.77094 53.1633
-18.2812 53.207 -4.83479 53.207
-18.1174 53.2726 -4.92867 53.2726
-17.8033 53.329 -5.05677 53.329
-17.5754 53.3996 -5.1774 53.3996
-17.2025 53.4612 -5.32284 53.4612
-16.6785 53.5041 -5.40586 53.5041
-16.2224 53.5599 -5.34412 53.5599
-15.7648 53.6223 -5.29992 53.6223
-15.8869 53.6761 -5.75687 53.6761
-16.2831 53.756 -5.91126 53.756
-16.451 53.7921 -5.97168 53.7921
-16.6865 53.8449 -6.04545 53.8449
-16.9838 53.9081 -6.14425 53.9081
-16.6101 53.9585 -6.20993 53.9585
-16.3528 77.0273 -4.87179 77.0273
-15.9615 77.0806 -4.95206 77.0806
