-45.8745 0 -1.04968 0
-50.032 0.0914836 -1.11067 0.0914836
-43.8365 0.133938 -1.15006 0.133938
-43.0366 0.179078 -1.16123 0.179078
-45.6732 2.98695 -1.30303 2.98695
-49.7843 3.0451 -1.33245 3.0451
-53.295 3.10616 -1.40927 3.10616
-55.6964 3.17048 -1.45387 3.17048
-59.2209 3.25731 -1.51421 3.25731
-51.439 3.29399 -1.55051 3.29399
-54.4355 3.36159 -1.59327 3.36159
-53.7154 3.4197 -1.62724 3.4197
-52.0033 3.47105 -1.64632 3.47105
9.24207 11.465 -0.273768 11.465
6.62305 11.5271 -0.355052 11.5271
3.40087 11.5805 -0.460884 11.5805
0.41182 11.642 -0.569986 11.642
-1.75184 11.6916 -0.656886 11.6916
-4.76337 11.776 -0.821146 11.776
-6.58211 11.8093 -0.913256 11.8093
-8.44274 11.8508 -0.98009 11.8508
-11.5158 11.9262 -1.11973 11.9262
-12.9255 11.9744 -1.21826 11.9744
-25.5433 14.9206 -1.04451 14.9206
-30.3595 14.9973 -1.19402 14.9973
