-81.026 0 -2.1092 0
-79.6642 0.0778823 -2.1577 0.0778823
-68.7149 0.118378 -2.1833 0.118378
-67.1076 0.175774 -2.21092 0.175774
-61.453 0.213529 -2.23207 0.213529
-66.687 0.295462 -2.26904 0.295462
-64.0005 0.363943 -2.30907 0.363943
-58.5382 0.416218 -2.33767 0.416218
-54.7873 0.466692 -2.36052 0.466692
-53.3999 0.525187 -2.38137 0.525187
-53.6247 0.570604 -2.40625 0.570604
-53.7422 0.602843 -2.41648 0.602843
-65.6746 0.673337 -2.4533 0.673337
-78.3147 0.750243 -2.51941 0.750243
-77.0606 0.781637 -2.54398 0.781637
-84.152 0.841948 -2.58082 0.841948
-86.4762 0.897678 -2.62724 0.897678
-91.0089 0.963757 -2.68945 0.963757
-92.4164 1.03121 -2.75197 1.03121
-83.5759 1.06261 -2.80178 1.06261
-88.1319 1.13183 -2.85837 1.13183
-85.9634 1.18514 -2.92698 1.18514
-94.2794 1.24615 -3.01895 1.24615
-140.481 1.34288 -3.16085 1.34288
-119.779 1.37136 -3.22456 1.37136
-128.315 1.44207 -3.31216 1.44207
-125.786 1.48987 -3.3975 1.48987
-130.295 1.54188 -3.47674 1.54188
-156.173 1.64977 -3.66173 1.64977
-123.314 2.09612 -3.40242 2.09612
-76.421 2.16402 -3.55618 2.16402
-66.85 2.22656 -3.66425 2.22656
-67.9051 2.29052 -3.82968 2.29052
-71.9373 2.33771 -3.90357 2.33771
-88.8132 2.41647 -4.04022 2.41647
-93.7381 2.47052 -4.15542 2.47052
-106.077 2.55212 -4.30028 2.55212
-103.278 2.60521 -4.40741 2.60521
-97.371 2.64629 -4.45251 2.64629
-100.415 2.70842 -4.55136 2.70842
-102.727 2.76964 -4.62862 2.76964
-103.71 2.83479 -4.70441 2.83479
-101.921 2.90047 -4.79098 2.90047
-97.0689 2.94458 -4.83958 2.94458
-95.9888 2.98882 -4.88428 2.98882
-102.085 3.04541 -4.93552 3.04541
-114.142 3.11804 -4.99288 3.11804
-33.4033 6.05875 -1.42116 6.05875
-34.6696 6.11046 -1.47418 6.11046
-36.5302 6.16799 -1.54075 6.16799
-38.5315 6.23389 -1.60856 6.23389
-38.3825 6.29141 -1.68461 6.29141
-39.2558 6.35871 -1.77846 6.35871
-36.4719 6.39931 -1.80856 6.39931
-37.6614 6.4632 -1.84667 6.4632
-37.1479 6.51975 -1.88571 6.51975
-38.8865 6.60198 -1.94577 6.60198
-62.4591 6.65502 -1.99407 6.65502
-63.09 6.69966 -2.02437 6.69966
-68.8491 6.76375 -2.05326 6.76375
-71.7696 6.82025 -2.09302 6.82025
-76.4697 6.88112 -2.12512 6.88112
-85.2164 6.96534 -2.1603 6.96534
-80.6454 7.01301 -2.18928 7.01301
-80.4392 7.07049 -2.19775 7.07049
