-49.1988 0 -1.29595 0
-51.5782 0.0400102 -1.33621 0.0400102
-54.6351 0.080379 -1.39062 0.080379
-58.3826 0.124421 -1.42215 0.124421
-59.1121 0.161229 -1.47311 0.161229
-62.598 0.205077 -1.50592 0.205077
-69.3248 0.268021 -1.57839 0.268021
-63.13 0.299152 -1.59122 0.299152
-59.657 0.325718 -1.61226 0.325718
-79.7069 0.561659 -1.79821 0.561659
-60.0936 0.616529 -1.83137 0.616529
-51.5575 0.649813 -1.85132 0.649813
-52.5903 0.689564 -1.87378 0.689564
-56.5564 0.7276 -1.88776 0.7276
-60.6968 0.759103 -1.9135 0.759103
-70.6744 0.799041 -1.92962 0.799041
-85.9042 0.857582 -1.96068 0.857582
-95.8014 0.915738 -1.98291 0.915738
-90.1439 0.953761 -2.00646 0.953761
-87.0027 0.989206 -2.02941 0.989206
-91.4385 1.03725 -2.05769 1.03725
-97.1846 1.08223 -2.07444 1.08223
-101.339 1.13075 -2.10206 1.13075
-97.3151 1.17586 -2.12746 1.17586
-100.943 1.23394 -2.15833 1.23394
-98.0107 1.26955 -2.17754 1.26955
-96.6505 1.29883 -2.19637 1.29883
-109.449 1.34176 -2.21876 1.34176
-121.778 1.39183 -2.25416 1.39183
-132.007 1.44231 -2.2978 1.44231
-138.271 1.49443 -2.35192 1.49443
-139.406 1.54577 -2.39752 1.54577
-123.489 1.57056 -2.42566 1.57056
-123.776 1.60679 -2.45176 1.60679
-123.283 1.64139 -2.49137 1.64139
-130.214 1.69723 -2.56035 1.69723
-127.303 1.73508 -2.60934 1.73508
-148.318 1.78889 -2.67205 1.78889
-157.104 1.83019 -2.72095 1.83019
-157.505 1.88055 -2.80738 1.88055
-150.215 1.91606 -2.84938 1.91606
-154.928 1.96237 -2.91044 1.96237
-155.814 2.0052 -2.98251 2.0052
-166.132 2.05469 -3.06342 2.05469
-168.882 2.09498 -3.14738 2.09498
-181.363 2.14965 -3.23174 2.14965
-119.294 2.58943 -2.86469 2.58943
-84.0922 2.67311 -3.15176 2.67311
-75.2653 2.71829 -3.22277 2.71829
-77.2168 2.75619 -3.33783 2.75619
-101.271 2.8193 -3.44232 2.8193
-98.6479 2.83884 -3.50617 2.83884
-112.266 2.87135 -3.5719 2.87135
-137.546 2.92537 -3.66566 2.92537
-136.497 2.95323 -3.73121 2.95323
-159.206 3.01389 -3.81514 3.01389
-156.366 3.05629 -3.92742 3.05629
-154.999 3.10647 -3.99583 3.10647
-144.811 3.14519 -4.08036 3.14519
-130.555 3.17034 -4.11915 3.17034
-168.021 3.32205 -4.32079 3.32205
-138.515 3.36053 -4.36384 3.36053
-131.094 3.40843 -4.41514 3.40843
-137.812 3.46447 -4.49318 3.46447
