6.12827 0 -0.0469778 0
4.71323 0.0277257 -0.0627515 0.0277257
4.10646 0.067137 -0.07823 0.067137
3.56009 0.129733 -0.10157 0.129733
2.17197 0.181737 -0.133488 0.181737
0.893791 0.230878 -0.160752 0.230878
0.103845 0.297636 -0.13245 0.297636
-0.650247 0.3249 -0.153322 0.3249
-1.09511 0.367779 -0.169141 0.367779
-1.73419 0.413607 -0.187757 0.413607
-3.09944 0.468202 -0.242999 0.468202
-4.69505 0.524124 -0.290006 0.524124
-6.71894 0.592711 -0.360294 0.592711
-7.82281 0.633678 -0.411143 0.633678
-8.69643 0.662718 -0.433173 0.662718
-10.3759 0.697329 -0.470482 0.697329
-12.4641 0.73675 -0.502809 0.73675
-15.7097 1.14205 -1.10257 1.14205
-13.3319 1.22105 -1.2451 1.22105
-13.9658 3.1258 -0.33589 3.1258
-13.2437 3.17108 -0.329716 3.17108
-13.7662 3.22598 -0.330923 3.22598
-14.1234 3.28117 -0.34228 3.28117
-14.9958 3.35808 -0.327802 3.35808
-16.061 3.42455 -0.70759 3.42455
-16.0248 3.46968 -0.774297 3.46968
-17.7973 3.53762 -0.810687 3.53762
-17.5339 3.58172 -0.835631 3.58172
-18.8949 3.64474 -0.870332 3.64474
-22.4257 3.72977 -0.914989 3.72977
-22.0006 3.76385 -0.939223 3.76385
-25.1243 3.82205 -0.97586 3.82205
-27.086 3.87925 -1.01298 3.87925
-30.6396 3.9525 -1.07505 3.9525
-31.764 4.01059 -1.12969 4.01059
-34.1343 4.07195 -1.21153 4.07195
-35.4578 4.12211 -1.2624 4.12211
-35.859 4.16526 -1.30555 4.16526
-42.3714 4.24267 -1.40312 4.24267
-43.2315 4.29571 -1.4707 4.29571
-48.1852 4.374 -1.58896 4.374
-46.1859 4.41159 -1.65234 4.41159
-51.1075 4.4746 -1.73009 4.4746
