-49.1613 0 -1.29595 0
-51.5423 0.0400102 -1.33621 0.0400102
-54.5998 0.080379 -1.39062 0.080379
-58.3468 0.124421 -1.42215 0.124421
-59.0779 0.161229 -1.47311 0.161229
-62.5629 0.205077 -1.50592 0.205077
-69.2861 0.268021 -1.57839 0.268021
-63.0967 0.299152 -1.59122 0.299152
-59.6269 0.325718 -1.61226 0.325718
-79.6594 0.561659 -1.79821 0.561659
-60.0936 0.616529 -1.83137 0.616529
-51.5575 0.649813 -1.85132 0.649813
-52.5903 0.689564 -1.87378 0.689564
-56.5564 0.7276 -1.88776 0.7276
-60.6968 0.759103 -1.9135 0.759103
-70.6744 0.799041 -1.92962 0.799041
-85.9042 0.857582 -1.96068 0.857582
-95.8014 0.915738 -1.98291 0.915738
-90.1439 0.953761 -2.00646 0.953761
-87.0027 0.989206 -2.02941 0.989206
-91.4385 1.03725 -2.05769 1.03725
-97.1846 1.08223 -2.07444 1.08223
-101.339 1.13075 -2.10206 1.13075
-97.3151 1.17586 -2.12746 1.17586
-100.943 1.23394 -2.15833 1.23394
-98.0107 1.26955 -2.17754 1.26955
-96.6505 1.29883 -2.19637 1.29883
-109.449 1.34176 -2.21876 1.34176
-121.778 1.39183 -2.25416 1.39183
-132.007 1.44231 -2.2978 1.44231
-138.271 1.49443 -2.35192 1.49443
-139.406 1.54577 -2.39752 1.54577
-123.489 1.57056 -2.42566 1.57056
-123.776 1.60679 -2.45176 1.60679
-123.283 1.64139 -2.49137 1.64139
-130.214 1.69723 -2.56035 1.69723
-127.303 1.73508 -2.60934 1.73508
-148.318 1.78889 -2.67205 1.78889
-157.104 1.83019 -2.72095 1.83019
-157.505 1.88055 -2.80738 1.88055
-150.215 1.91606 -2.84938 1.91606
-154.928 1.96237 -2.91044 1.96237
-155.814 2.0052 -2.98251 2.0052
-166.132 2.05469 -3.06342 2.05469
-168.882 2.09498 -3.14738 2.09498
-181.363 2.14965 -3.23174 2.14965
-119.294 2.58943 -2.86469 2.58943
-84.0922 2.67311 -3.15176 2.67311
-75.2653 2.71829 -3.22277 2.71829
-77.2168 2.75619 -3.33783 2.75619
-101.271 2.8193 -3.44232 2.8193
-98.6479 2.83884 -3.50617 2.83884
-112.266 2.87135 -3.5719 2.87135
-137.546 2.92537 -3.66566 2.92537
-136.497 2.95323 -3.73121 2.95323
-159.206 3.01389 -3.81514 3.01389
-156.366 3.05629 -3.92742 3.05629
-154.999 3.10647 -3.99583 3.10647
-144.811 3.14519 -4.08036 3.14519
-130.555 3.17034 -4.11915 3.17034
-168.021 3.32205 -4.32079 3.32205
-138.515 3.36053 -4.36384 3.36053
-131.094 3.40843 -4.41514 3.40843
-137.812 3.46447 -4.49318 3.46447
-135.156 3.49502 -4.56193 3.49502
-151.288 3.53793 -4.59118 3.53793
-170.056 3.57895 -4.62357 3.57895
-194.8 3.62531 -4.66861 3.62531
-213.021 3.67096 -4.70377 3.67096
-222.596 3.71442 -4.74663 3.71442
-234.382 3.77029 -4.79343 3.77029
-214.921 3.80157 -4.82063 3.80157
-204.55 3.83832 -4.83956 3.83832
-202.027 3.879 -4.86718 3.879
-219.297 3.93417 -4.89017 3.93417
-262.381 3.96573 -4.90859 3.96573
-276.089 4.01466 -4.94795 4.01466
-290.176 4.06585 -4.97845 4.06585
-301.174 4.11611 -5.00521 4.11611
-270.825 4.14891 -5.02434 4.14891
-279.651 4.18668 -5.03853 4.18668
-301.763 4.23143 -5.0671 4.23143
-304.733 4.2743 -5.09701 4.2743
-332.801 4.32865 -5.12223 4.32865
-302.895 4.36178 -5.13973 4.36178
-324.146 4.42242 -5.16685 4.42242
-281.883 4.45057 -5.18288 4.45057
-286.519 4.49179 -5.19904 4.49179
-307.942 4.52524 -5.1986 4.52524
-327.509 4.57357 -5.22993 4.57357
-333.552 4.61436 -5.25595 4.61436
-357.948 4.67146 -5.29927 4.67146
-49.9326 6.69765 -1.18354 6.69765
-54.9589 6.75315 -1.26312 6.75315
-53.028 6.78817 -1.31475 6.78817
-58.8314 6.8431 -1.35971 6.8431
-60.906 6.89557 -1.41114 6.89557
-62.9398 6.95195 -1.47992 6.95195
-57.415 6.98104 -1.50527 6.98104
-61.0304 7.02722 -1.52347 7.02722
-63.4999 7.07329 -1.5617 7.07329
-66.1753 7.12361 -1.59791 7.12361
-71.4962 7.17641 -1.62341 7.17641
-85.2625 7.38279 -1.80125 7.38279
-67.0211 7.44959 -1.88468 7.44959
-58.8486 7.50205 -1.91337 7.50205
-57.1381 7.5469 -1.93483 7.5469
-52.1688 7.57208 -1.95284 7.57208
-61.467 7.62239 -1.96906 7.62239
-70.5384 7.67187 -1.99041 7.67187
-74.6651 7.70479 -2.0125 7.70479
-89.1436 7.74842 -2.03571 7.74842
-99.1303 7.80767 -2.06844 7.80767
-100.762 7.86086 -2.09541 7.86086
-96.5458 7.90144 -2.12027 7.90144
-93.9319 7.941 -2.13812 7.941
-90.5646 7.97923 -2.1574 7.97923
-100.146 8.03969 -2.19158 8.03969
-95.6513 8.07768 -2.21831 8.07768
-101.909 8.13715 -2.27818 8.13715
-108.366 8.19412 -2.33695 8.19412
-106.705 8.23391 -2.38166 8.23391
-109.198 8.27559 -2.42702 8.27559
-116.551 8.31638 -2.47488 8.31638
-118.75 8.34726 -2.50908 8.34726
-142.882 8.41463 -2.58405 8.41463
-140.405 8.46656 -2.66042 8.46656
-138.63 8.517 -2.72905 8.517
-119.443 8.53667 -2.76626 8.53667
-129.326 8.58991 -2.82271 8.58991
-160.365 8.71435 -3.02969 8.71435
-143.318 8.75533 -3.08132 8.75533
-147.15 8.82023 -3.19223 8.82023
-126.054 8.84373 -3.26142 8.84373
-133.025 8.88696 -3.34157 8.88696
-141.212 8.93012 -3.40398 8.93012
-162.867 8.98317 -3.51 8.98317
-172.198 9.03309 -3.60645 9.03309
-184.642 9.09829 -3.73235 9.09829
-175.82 9.1372 -3.84193 9.1372
-172.155 9.17154 -3.90261 9.17154
-185.168 9.22423 -3.99416 9.22423
-184.897 9.27 -4.06964 9.27
-192.127 9.32286 -4.16691 9.32286
-200.205 9.38024 -4.30156 9.38024
-201.635 9.42835 -4.41736 9.42835
-183.159 9.45317 -4.45984 9.45317
-196.166 9.48911 -4.52788 9.48911
-236.585 9.55217 -4.66786 9.55217
-237.433 9.59713 -4.75028 9.59713
-232.508 9.63279 -4.81477 9.63279
-248.773 9.68329 -4.90897 9.68329
-286.462 9.91976 -5.32575 9.91976
-217.32 10.0134 -5.57627 10.0134
-180.356 10.0794 -5.67088 10.0794
-150.286 10.105 -5.7047 10.105
-157.994 10.1508 -5.75714 10.1508
-188.6 10.2019 -5.81164 10.2019
-223.328 10.2478 -5.85023 10.2478
-244.038 10.2918 -5.89056 10.2918
-259.717 10.3346 -5.92959 10.3346
-282.665 10.4044 -5.99301 10.4044
-253.861 10.4307 -6.0247 10.4307
-246.704 10.4645 -6.0504 10.4645
-253.426 10.5046 -6.06852 10.5046
-261.486 10.5482 -6.09757 10.5482
-280.85 10.604 -6.13358 10.604
-266.381 10.6434 -6.16386 10.6434
-262.098 10.6794 -6.18692 10.6794
-306.748 10.7472 -6.23131 10.7472
-289.165 10.7756 -6.24729 10.7756
-306.736 10.8138 -6.26414 10.8138
-335.126 10.8555 -6.28652 10.8555
-351.498 10.8949 -6.29953 10.8949
-383.206 10.9516 -6.32215 10.9516
-408.046 11.016 -6.35598 11.016
-379.234 11.0561 -6.38812 11.0561
-347.121 11.0951 -6.40561 11.0951
-331.156 11.1365 -6.42467 11.1365
-335.028 11.1815 -6.43073 11.1815
-378.766 11.2398 -6.4614 11.2398
-410.928 11.2871 -6.49116 11.2871
-410.774 11.3419 -6.52595 11.3419
-364.352 11.379 -6.56178 11.379
-369.546 11.4188 -6.5874 11.4188
-380.329 11.4617 -6.61853 11.4617
-403.442 11.515 -6.63366 11.515
-466.353 11.6703 -6.80309 11.6703
-342.233 11.7035 -6.86796 11.7035
-315.884 11.7456 -6.9143 11.7456
-304.482 11.7948 -6.96497 11.7948
-334.91 11.8537 -7.06746 11.8537
-347.837 11.9055 -7.13745 11.9055
-381.461 11.9738 -7.24734 11.9738
-342.737 12.0015 -7.30457 12.0015
-331.769 12.0339 -7.3404 12.0339
-361.924 12.0802 -7.38841 12.0802
-358.318 12.1083 -7.45682 12.1083
-366.615 12.149 -7.52484 12.149
-419.079 12.2114 -7.60902 12.2114
-414.102 12.2608 -7.7088 12.2608
-469.137 12.4523 -8.1429 12.4523
-344.938 12.4943 -8.23557 12.4943
28.3633 14.8174 0.33996 14.8174
28.7954 14.861 0.306688 14.861
28.0534 14.9025 0.260333 14.9025
27.31 14.9457 0.229921 14.9457
26.0673 14.9899 0.173496 14.9899
25.0298 15.0409 0.127208 15.0409
23.5961 15.1038 0.0422221 15.1038
18.9423 15.14 -0.0383238 15.14
16.6298 15.1829 -0.0852379 15.1829
14.9942 15.2332 -0.150752 15.2332
12.4649 15.2765 -0.21539 15.2765
9.49233 15.3219 -0.277704 15.3219
6.59636 15.3532 -0.321864 15.3532
3.32721 15.4073 -0.408808 15.4073
-0.117761 15.4628 -0.538997 15.4628
-3.62956 15.4835 -0.578856 15.4835
-6.69711 15.525 -0.647892 15.525
-11.2019 15.5799 -0.737503 15.5799
-15.1381 15.6247 -0.823426 15.6247
-20.1492 15.6751 -0.92722 15.6751
-26.6026 15.746 -1.05315 15.746
-26.0626 15.7694 -1.13923 15.7694
-29.0549 15.8042 -1.19493 15.8042
-36.4009 15.8565 -1.25937 15.8565
-49.9874 16.0822 -1.8085 16.0822
-30.135 29.1383 -0.98099 29.1383
-30.2156 29.174 -1.10135 29.174
-34.0741 29.2184 -1.16476 29.2184
-40.0336 29.2762 -1.28015 29.2762
-43.0305 29.3283 -1.39387 29.3283
-45.8713 29.3816 -1.50119 29.3816
-49.4901 29.4427 -1.62609 29.4427
-46.4301 29.4732 -1.71789 29.4732
-49.995 29.5194 -1.79827 29.5194
-51.75 29.5597 -1.8774 29.5597
-58.8215 29.6081 -1.98345 29.6081
-84.3981 29.7761 -2.42598 29.7761
-66.2076 29.7961 -2.46666 29.7961
-68.1669 29.8439 -2.51334 29.8439
-73.2644 29.8955 -2.59188 29.8955
-80.6783 29.9494 -2.6735 29.9494
-3.97777 31.6811 -0.248424 31.6811
-6.74027 31.7497 -0.289783 31.7497
-9.68286 31.9266 -0.589253 31.9266
-8.54071 31.9386 -0.607236 31.9386
-12.5865 32.0175 -0.682861 32.0175
-14.154 32.0589 -0.773026 32.0589
-16.5479 32.1008 -0.84009 32.1008
-19.4606 32.1441 -0.917766 32.1441
-24.4025 32.2066 -1.0375 32.2066
-31.6998 32.3339 -1.30502 32.3339
-30.8217 32.3872 -1.43208 32.3872
-32.747 32.4426 -1.54236 32.4426
-33.069 32.4796 -1.6101 32.4796
-38.2976 32.5371 -1.73592 32.5371
-39.5085 32.5694 -1.83015 32.5694
-45.9758 32.6177 -1.89291 32.6177
-51.9253 32.6612 -1.9919 32.6612
-59.1729 32.7109 -2.10204 32.7109
-63.4033 32.7515 -2.17575 32.7515
-74.6941 32.8126 -2.28707 32.8126
-75.9667 32.8516 -2.39861 32.8516
-78.4412 32.8871 -2.46585 32.8871
-86.2039 32.931 -2.53079 32.931
-92.2094 32.9687 -2.60871 32.9687
-103.647 33.0199 -2.70919 33.0199
-113.218 33.0774 -2.83064 33.0774
-106.709 33.1198 -2.9019 33.1198
-100.951 33.1505 -2.98368 33.1505
-98.9538 33.1712 -3.03131 33.1712
-140.417 33.2652 -3.15386 33.2652
-150.949 33.3147 -3.24001 33.3147
-166.22 33.5487 -3.55608 33.5487
-130.489 33.6447 -3.61663 33.6447
-104.623 33.6982 -3.6694 33.6982
-103.962 33.7592 -3.75654 33.7592
-39.57 39.4835 -1.01791 39.4835
-42.9706 39.5315 -1.10637 39.5315
-44.971 39.5716 -1.19211 39.5716
-51.5255 39.6283 -1.30278 39.6283
-49.1325 39.6558 -1.38276 39.6558
-55.3439 39.7003 -1.45298 39.7003
-57.2699 39.7354 -1.49682 39.7354
-63.9367 39.7823 -1.6401 39.7823
-70.5687 39.839 -1.73468 39.839
-80.6557 39.953 -1.90938 39.953
-69.1257 39.9945 -1.98058 39.9945
-64.8071 40.0269 -2.01799 40.0269
-73.0772 40.0888 -2.08276 40.0888
-79.1474 40.1393 -2.16406 40.1393
-78.0991 40.1674 -2.20603 40.1674
-94.2332 40.2274 -2.24691 40.2274
-102.965 40.2847 -2.31101 40.2847
-96.3362 40.3072 -2.33997 40.3072
-104.866 40.3519 -2.3682 40.3519
-116.024 40.4089 -2.42637 40.4089
-120.924 40.4667 -2.4662 40.4667
-116.471 40.5105 -2.49285 40.5105
-124.835 40.5727 -2.53107 40.5727
-115.501 40.6117 -2.56163 40.6117
-114.016 40.6428 -2.57778 40.6428
-114.764 40.6817 -2.59178 40.6817
-128.577 40.7319 -2.61454 40.7319
-141.512 40.7873 -2.66032 40.7873
-142.441 40.8263 -2.67274 40.8263
-153.69 40.8829 -2.70725 40.8829
-146.674 40.92 -2.72675 40.92
-148.846 40.9619 -2.74531 40.9619
-146.83 41.0066 -2.75478 41.0066
-155.041 41.0603 -2.78248 41.0603
-152.706 41.1105 -2.80863 41.1105
-151.295 41.1559 -2.82611 41.1559
-163.814 41.2198 -2.85196 41.2198
-183.052 41.452 -3.01149 41.452
-114.705 41.4848 -3.03817 41.4848
-114.829 41.5598 -3.10324 41.5598
-102.91 41.5859 -3.14317 41.5859
-110.917 41.6312 -3.17193 41.6312
-122.525 41.6779 -3.23792 41.6779
-138.378 41.723 -3.28366 41.723
-157.525 41.7847 -3.36555 41.7847
-158.813 41.8441 -3.44132 41.8441
-155.289 41.889 -3.51381 41.889
-143.317 41.916 -3.55516 41.916
-156.472 41.9734 -3.62356 41.9734
-152.32 42.0155 -3.69936 42.0155
-180.768 42.2966 -4.24499 42.2966
-120.017 42.3379 -4.32583 42.3379
-101.148 42.3724 -4.38482 42.3724
-105.912 42.4224 -4.47262 42.4224
-125.571 42.4879 -4.61201 42.4879
-134.297 42.5314 -4.72318 42.5314
-143.85 42.5713 -4.79033 42.5713
-155.327 42.6085 -4.85842 42.6085
-178.146 42.6642 -4.95392 42.6642
-13.1738 46.7954 -0.277261 46.7954
-14.2323 46.8462 -0.258083 46.8462
-14.5411 46.8953 -0.27571 46.8953
-10.6618 46.9518 0.290538 46.9518
-7.36035 46.9976 0.231823 46.9976
-4.81599 47.0334 0.230835 47.0334
-2.91525 47.0591 0.226048 47.0591
-2.14468 47.1221 0.171332 47.1221
-1.20219 47.169 0.128074 47.169
-0.619055 47.2213 0.0926618 47.2213
-0.398833 47.2755 0.0401761 47.2755
-37.8103 49.8826 -1.0903 49.8826
-41.3783 49.9247 -1.13897 49.9247
-47.7153 49.98 -1.21569 49.98
-49.9573 50.0272 -1.29103 50.0272
-51.1145 50.0678 -1.34619 50.0678
-58.5273 50.1331 -1.43083 50.1331
-54.395 50.1657 -1.45666 50.1657
-58.3109 50.2146 -1.51513 50.2146
-60.6456 50.2635 -1.5251 50.2635
-59.5906 50.3022 -1.56051 50.3022
-60.8897 50.3338 -1.59489 50.3338
-82.2736 50.4424 -1.71212 50.4424
-69.6243 50.4644 -1.7201 50.4644
-71.6553 50.5055 -1.76488 50.5055
-76.8154 50.562 -1.7839 50.562
-78.3577 50.6073 -1.82866 50.6073
-80.68 50.6481 -1.84308 50.6481
-93.4054 50.7176 -1.88651 50.7176
-85.6662 50.7501 -1.90933 50.7501
-85.2031 50.7782 -1.92434 50.7782
-96.0981 50.8217 -2.24565 50.8217
-108.447 50.8858 -1.99312 50.8858
-103.397 50.9228 -1.98399 50.9228
-106.987 50.968 -2.01198 50.968
-118.477 51.0514 -2.0647 51.0514
-104.338 51.084 -1.90957 51.084
-100.145 51.1178 -2.08528 51.1178
-106.907 51.1684 -2.11445 51.1684
-105.005 51.2051 -2.12626 51.2051
-120.616 51.2699 -2.16193 51.2699
-125.77 51.3297 -2.19591 51.3297
-116.268 51.3676 -2.22699 51.3676
-103.878 51.3868 -2.24319 51.3868
-119.208 51.4339 -2.26428 51.4339
-126.959 51.4855 -2.32665 51.4855
-132.916 51.5353 -2.36331 51.5353
-129.864 51.5782 -2.40008 51.5782
-132.963 51.6328 -2.44229 51.6328
-134.698 51.6861 -2.51987 51.6861
-130.007 51.7154 -2.5594 51.7154
-132.208 51.7694 -2.61386 51.7694
-138.236 51.8166 -2.68102 51.8166
-138.91 51.8556 -2.74577 51.8556
-142.812 51.8986 -2.79904 51.8986
-152.722 51.9482 -2.87408 51.9482
-168.739 52.0111 -2.91554 52.0111
-147.269 52.0453 -2.80073 52.0453
-146.561 52.087 -2.81129 52.087
-149.82 52.1261 -2.84165 52.1261
-156.173 52.1666 -2.89307 52.1666
-159.253 52.2078 -3.28034 52.2078
-172.014 52.2536 -3.33444 52.2536
-153.687 52.6266 -3.00089 52.6266
-90.101 52.6665 -3.07456 52.6665
-75.1147 52.6924 -3.13271 52.6924
-71.5342 52.712 -3.16766 52.712
-111.626 52.7894 -3.29904 52.7894
-139.301 52.8521 -3.45483 52.8521
-140.342 52.8876 -3.57486 52.8876
-156.411 52.9513 -3.68474 52.9513
-141.308 52.9779 -3.76556 52.9779
-154.352 53.0285 -3.82241 53.0285
-153.573 53.0699 -3.92986 53.0699
-151.887 53.1113 -3.99976 53.1113
-154.212 53.1599 -4.05535 53.1599
-158.53 53.2133 -4.10702 53.2133
-159.68 53.2703 -3.99742 53.2703
-142.891 53.2973 -4.03211 53.2973
-150.706 53.339 -4.06382 53.339
-169.464 53.3957 -4.06642 53.3957
-179.317 53.4431 -3.99719 53.4431
-188.844 53.4845 -4.01414 53.4845
-213.063 53.5351 -4.57232 53.5351
-234.527 53.5867 -4.63618 53.5867
-225.537 53.6199 -4.66303 53.6199
-242.197 53.6764 -4.71645 53.6764
-237.243 53.7253 -4.75101 53.7253
-215.905 53.7572 -4.76966 53.7572
-257.058 53.8738 -4.88033 53.8738
-212.046 53.9077 -4.88944 53.9077
-208.483 53.9477 -4.91525 53.9477
-218.504 53.9803 -4.92582 53.9803
-250.834 54.0475 -4.95976 54.0475
-234.271 54.0773 -4.98596 54.0773
-270.289 54.1284 -5.00335 54.1284
-305.638 54.2026 -5.04639 54.2026
-269.669 54.2387 -5.07254 54.2387
-261.079 54.2729 -5.07855 54.2729
-263.746 54.3198 -5.10039 54.3198
-285.534 54.374 -5.1369 54.374
-269.608 54.4107 -5.15413 54.4107
-284.303 54.4625 -5.17524 54.4625
-299.609 54.5198 -5.21757 54.5198
-275.057 54.5499 -5.23329 54.5499
-281.149 54.592 -5.24219 54.592
-285.852 54.6387 -5.27117 54.6387
-308.507 54.6919 -5.30126 54.6919
-324.008 54.7484 -5.34999 54.7484
-341.414 54.8292 -5.41388 54.8292
-290.648 54.863 -5.47336 54.863
-298.479 54.9195 -5.50186 54.9195
-280.091 54.9581 -5.60251 54.9581
-259.803 54.9857 -6.16 54.9857
-317.036 55.051 -6.5183 55.051
-327.126 55.1046 -6.82896 55.1046
-323.517 55.1477 -7.06528 55.1477
-336.495 55.1822 -7.15763 55.1822
-348.349 55.2336 -7.1792 55.2336
-358.148 55.2819 -7.24887 55.2819
-352.138 55.3226 -7.31281 55.3226
-395.657 55.387 -7.41137 55.387
-368.176 55.4317 -7.47722 55.4317
-359.613 55.4664 -7.56134 55.4664
-368.982 55.503 -7.61826 55.503
-385.905 55.5502 -7.69336 55.5502
-418.28 55.6047 -7.79938 55.6047
-409.105 55.6396 -7.87103 55.6396
-422.091 55.6796 -7.91108 55.6796
-462.528 55.7382 -8.03714 55.7382
-473.27 55.7894 -8.15468 55.7894
-434.187 55.8197 -8.22762 55.8197
-445.167 55.8697 -8.31219 55.8697
-440.098 55.9074 -8.3803 55.9074
-420.779 55.9343 -8.44392 55.9343
-436.744 55.9663 -8.49854 55.9663
-577.966 56.0545 -8.66336 56.0545
-567.143 56.1143 -8.83883 56.1143
-464.841 56.1407 -8.89798 56.1407
-501.36 56.1951 -8.96634 56.1951
-58.0136 58.2213 -1.03734 58.2213
-56.2711 58.2649 -1.09986 58.2649
-54.2082 58.2983 -1.13253 58.2983
-57.6347 58.3405 -1.15498 58.3405
-56.7356 58.3715 -1.18942 58.3715
-67.6084 58.4388 -1.26103 58.4388
-65.3473 58.4875 -1.3404 58.4875
-65.0713 58.5397 -1.42251 58.5397
-57.7622 58.5643 -1.44483 58.5643
-61.1392 58.607 -1.51158 58.607
-69.0241 58.6591 -1.58257 58.6591
-74.196 58.7053 -1.68627 58.7053
-78.8318 58.7547 -1.73894 58.7547
-90.487 58.8257 -1.87672 58.8257
-86.4962 58.8637 -1.96074 58.8637
-78.9942 58.888 -2.00525 58.888
-87.8136 58.9408 -2.07672 58.9408
-90.2074 58.9783 -2.16049 58.9783
-96.9521 59.0298 -2.22367 59.0298
-111.692 59.0953 -2.39292 59.0953
-115.815 59.1509 -2.49171 59.1509
28.5627 60.7456 0.183119 60.7456
25.1883 60.778 0.160901 60.778
24.6907 60.8181 0.155015 60.8181
22.8782 60.8509 0.135353 60.8509
22.5091 60.8911 0.113426 60.8911
22.7488 60.9456 0.0868723 60.9456
21.0433 61.0004 0.057329 61.0004
18.8254 61.0569 0.0195891 61.0569
15.0984 61.0861 0.0129604 61.0861
14.2116 61.1322 -0.00280267 61.1322
15.1027 61.239 -0.0567854 61.239
12.0735 61.3649 -0.145302 61.3649
-47.9294 65.8518 -1.09085 65.8518
-50.438 65.8972 -1.05589 65.8972
-49.0502 65.9283 -1.06417 65.9283
-56.2182 65.9825 -1.11971 65.9825
-64.0654 66.0481 -1.67355 66.0481
-59.4888 66.0782 -1.75647 66.0782
-34.2586 76.7055 -0.929565 76.7055
-44.5434 76.7703 -0.984493 76.7703
-46.2958 76.8236 -1.06626 76.8236
-42.5375 76.8488 -1.10988 76.8488
-42.5408 76.8732 -1.13647 76.8732
-52.2805 76.9256 -1.17475 76.9256
-58.3512 76.9856 -1.2471 76.9856
-57.5483 77.0347 -1.29261 77.0347
-56.9543 77.0832 -1.33346 77.0832
-55.5733 77.1263 -1.36809 77.1263
-53.746 77.1626 -1.39542 77.1626
-60.0668 77.2153 -1.41453 77.2153
-63.9678 77.2597 -1.44827 77.2597
-71.3129 77.3165 -1.48779 77.3165
-72.7936 77.364 -1.51452 77.364
-76.9989 77.4191 -1.50416 77.4191
-70.1529 77.4435 -1.5419 77.4435
-77.0378 77.4955 -1.58444 77.4955
-31.7349 83.4734 -0.929011 83.4734
-34.5593 83.515 -0.977728 83.515
-35.3921 83.5473 -1.00719 83.5473
-39.8192 83.5948 -1.05458 83.5948
-44.8915 83.664 -1.12649 83.664
-40.526 83.6953 -1.1713 83.6953
-41.4383 83.7396 -1.19932 83.7396
-40.4819 83.7738 -1.22631 83.7738
-43.6985 83.8257 -1.25987 83.8257
-42.8699 83.8638 -1.28708 83.8638
-48.8898 83.9193 -1.32535 83.9193
-65.4624 84.1241 -1.44762 84.1241
-31.5523 85.868 -1.01882 85.868
-39.4882 85.9205 -1.10611 85.9205
-43.2961 85.9673 -1.19623 85.9673
-51.3614 86.0635 -1.40075 86.0635
3.33222 88.3054 -0.121479 88.3054
1.8132 88.3579 -0.167313 88.3579
-0.341524 88.4231 -0.233981 88.4231
-2.42272 88.4509 -0.346871 88.4509
-4.57218 88.5056 -0.348073 88.5056
-6.21931 88.5426 -0.404705 88.5426
-7.93988 88.5844 -0.421008 88.5844
-12.167 88.6914 -0.598164 88.6914
-12.5301 88.7344 -0.69418 88.7344
-14.3278 88.7899 -0.777534 88.7899
-17.0352 88.8425 -0.86313 88.8425
-20.5125 88.8959 -0.958362 88.8959
-23.7576 88.9423 -1.04061 88.9423
-28.1305 88.9909 -1.14236 88.9909
-33.7731 89.0468 -1.25784 89.0468
-36.2446 89.0818 -1.33499 89.0818
-40.966 89.1256 -1.40113 89.1256
-54.0445 89.3614 -2.02065 89.3614
-40.4175 89.3842 -2.0856 89.3842
-39.5768 89.4216 -2.13773 89.4216
-44.4982 89.4699 -2.22812 89.4699
-52.4474 89.5227 -2.35411 89.5227
-64.7355 89.582 -2.50029 89.582
-72.2679 89.6269 -2.58916 89.6269
-76.0611 89.6644 -2.66476 89.6644
-85.4172 89.7096 -2.73513 89.7096
-94.1722 89.7553 -2.83712 89.7553
-101.854 89.8038 -2.90037 89.8038
-104.473 89.8464 -2.97445 89.8464
-110.358 89.8924 -3.04091 89.8924
-112.889 89.9342 -3.11394 89.9342
-118.548 89.9906 -3.20992 89.9906
-116.972 90.0289 -3.25502 90.0289
-121.19 90.0766 -3.31553 90.0766
-128.065 90.1224 -3.37915 90.1224
-137.156 90.1601 -3.43204 90.1601
-154.85 90.2115 -3.46545 90.2115
-175.105 90.2716 -3.54849 90.2716
-165.074 90.2974 -3.57198 90.2974
-191.205 90.3616 -3.61892 90.3616
-193.967 90.4168 -3.66319 90.4168
-178.062 90.4503 -3.69614 90.4503
-175.515 90.4916 -3.72423 90.4916
-182.3 90.5485 -3.77069 90.5485
-194.124 90.6123 -3.81319 90.6123
-182.108 90.632 -3.84096 90.632
-193.275 90.6765 -3.85821 90.6765
-198.463 90.7125 -3.86691 90.7125
-213.192 90.7548 -3.88563 90.7548
-211.797 90.7845 -3.92564 90.7845
-258.552 90.8563 -3.9516 90.8563
-250.265 90.9128 -3.98964 90.9128
-220.276 90.9446 -3.99273 90.9446
-224.661 90.9901 -4.01978 90.9901
-225.468 91.033 -4.03728 91.033
-213.924 91.0615 -4.05181 91.0615
-231.206 91.1066 -4.08488 91.1066
-273.675 91.185 -4.11568 91.185
