-5.2829 0 -0.607813 0
-9.0351 0.0670919 -0.70712 0.0670919
-12.3686 0.126943 -0.825253 0.126943
-16.0266 0.195173 -0.958196 0.195173
-19.8142 0.276928 -1.11442 0.276928
-18.8136 0.29869 -1.19096 0.29869
-22.4855 0.354604 -1.28718 0.354604
-27.2292 0.429453 -1.44729 0.429453
-28.6303 0.486999 -1.54405 0.486999
-32.2072 0.573899 -1.73117 0.573899
-29.0078 0.601345 -1.83897 0.601345
-28.7953 0.637762 -1.88191 0.637762
-31.8922 0.699782 -1.98401 0.699782
-32.7323 0.750849 -2.0933 0.750849
-35.1106 0.821045 -2.22102 0.821045
-36.776 0.902499 -2.37548 0.902499
-32.924 0.934955 -2.44673 0.934955
-41.397 1.35211 -3.06151 1.35211
-28.6739 1.41987 -3.13834 1.41987
-23.2836 1.48696 -3.18652 1.48696
-19.9906 1.536 -3.24417 1.536
-18.3053 1.59169 -3.27524 1.59169
-17.542 1.65701 -3.31966 1.65701
-16.9621 1.71913 -3.36584 1.71913
-16.983 1.79702 -3.41433 1.79702
-16.0387 1.83751 -3.43993 1.83751
-15.842 1.89491 -3.46756 1.89491
-15.2559 1.93266 -3.48871 1.93266
-15.9204 2.0146 -3.52568 2.0146
-16.0844 2.08308 -3.56571 2.08308
-15.8554 2.13535 -3.59431 2.13535
-15.6662 2.18583 -3.61716 2.18583
-15.7 2.24432 -3.638 2.24432
-15.4833 2.28974 -3.66289 2.28974
-15.0869 2.32198 -3.67312 2.32198
-15.4982 2.39247 -3.70993 2.39247
-15.9046 2.46938 -3.77605 2.46938
-15.4595 2.50077 -3.80062 2.50077
-15.5516 2.56108 -3.83746 2.56108
-15.5252 2.61681 -3.88388 2.61681
-15.5977 2.68289 -3.94608 2.68289
-15.5977 2.75035 -4.00861 2.75035
-15.1445 2.78175 -4.05842 2.78175
-15.1022 2.85097 -4.11501 2.85097
-14.8345 2.90427 -4.18361 2.90427
-14.5884 2.96529 -4.27559 2.96529
-14.4631 3.06201 -4.41749 3.06201
-13.8956 3.09049 -4.48119 3.09049
-13.5039 3.16121 -4.5688 3.16121
-13.0024 3.20901 -4.65414 3.20901
-12.507 3.26102 -4.73338 3.26102
-12.6263 3.36891 -4.91837 3.36891
-13.0607 3.81526 -4.65905 3.81526
-13.3065 3.88315 -4.81282 3.88315
-13.3159 3.9457 -4.92089 3.9457
-12.5535 4.00965 -5.08632 4.00965
-11.9285 4.05685 -5.16021 4.05685
-11.4702 4.13561 -5.29686 4.13561
-11.1256 4.18965 -5.41205 4.18965
-10.9997 4.27126 -5.55692 4.27126
-11.0642 4.32434 -5.66404 4.32434
-11.0164 4.36542 -5.70914 4.36542
-11.0731 4.42755 -5.808 4.42755
-11.2107 4.48878 -5.88526 4.48878
-11.4908 4.55392 -5.96105 4.55392
-11.7325 4.61961 -6.04762 4.61961
-11.8159 4.66371 -6.09622 4.66371
-11.9594 4.70796 -6.14092 4.70796
-12.16 4.76455 -6.19216 4.76455
-12.7992 4.83717 -6.24951 4.83717
-33.4033 7.77789 -1.42116 7.77789
-34.6696 7.82959 -1.47418 7.82959
-36.5302 7.88713 -1.54075 7.88713
-38.5315 7.95302 -1.60856 7.95302
-38.3825 8.01055 -1.68461 8.01055
-39.2558 8.07784 -1.77846 8.07784
-36.4719 8.11844 -1.80856 8.11844
-37.6614 8.18233 -1.84667 8.18233
-37.1479 8.23888 -1.88571 8.23888
-38.8865 8.32111 -1.94577 8.32111
-36.2088 8.37416 -1.99407 8.37416
-33.6733 8.4188 -2.02437 8.4188
-33.7097 8.48288 -2.05326 8.48288
-32.6379 8.53938 -2.09302 8.53938
-31.9562 8.60026 -2.12512 8.60026
-32.658 8.68448 -2.1603 8.68448
-29.8859 8.73214 -2.18928 8.73214
-28.5547 8.78963 -2.19775 8.78963
-28.7822 18.1163 -1.06482 18.1163
-30.3618 18.1238 -1.06935 18.1238
-31.4957 18.1295 -1.07441 18.1295
-33.1776 18.1352 -1.07748 18.1352
-35.0748 18.1406 -1.08024 18.1406
-35.6537 18.1438 -1.09106 18.1438
-37.1893 18.1477 -1.09729 18.1477
-41.9136 18.155 -1.09982 18.155
