22.4727 0 0.33996 0
22.2162 0.0435841 0.306688 0.0435841
21.183 0.0850735 0.260333 0.0850735
20.2097 0.128258 0.229921 0.128258
18.9659 0.172458 0.173496 0.172458
17.9369 0.223473 0.127208 0.223473
16.7757 0.286368 0.0422221 0.286368
13.5327 0.322579 -0.0383238 0.322579
11.8843 0.365471 -0.0852379 0.365471
10.8021 0.415766 -0.150752 0.415766
9.34978 0.459089 -0.21539 0.459089
8.20249 0.504459 -0.277704 0.504459
6.77844 0.535755 -0.321864 0.535755
6.31768 0.589915 -0.408808 0.589915
1.64686 0.64543 -0.538997 0.64543
-1.86645 0.666084 -0.578856 0.666084
-1.8488 0.707552 -0.647892 0.707552
-1.86436 0.762505 -0.737503 0.762505
-1.76157 0.807307 -0.823426 0.807307
-1.64713 0.857719 -0.92722 0.857719
-1.53355 0.928598 -1.05315 0.928598
-1.29489 0.952006 -1.13923 0.952006
-1.07868 0.986765 -1.19493 0.986765
-0.871016 1.03907 -1.25937 1.03907
-1.05672 1.26482 -1.8085 1.26482
-20.5716 14.3209 -0.98099 14.3209
-20.0013 14.3566 -1.10135 14.3566
-21.6309 14.401 -1.16476 14.401
-24.2529 14.4588 -1.28015 14.4588
-24.994 14.5109 -1.39387 14.5109
-25.4533 14.5642 -1.50119 14.5642
-26.0729 14.6253 -1.62609 14.6253
-23.6096 14.6558 -1.71789 14.6558
-24.0013 14.7019 -1.79827 14.7019
-23.6257 14.7422 -1.8774 14.7422
-24.0227 14.7907 -1.98345 14.7907
-29.0184 14.9587 -2.42598 14.9587
-21.8835 14.9787 -2.46666 14.9787
-19.6825 15.0265 -2.51334 15.0265
-18.3894 15.078 -2.59188 15.078
-17.4757 15.1319 -2.6735 15.1319
-2.2132 16.8637 -0.248424 16.8637
-3.85228 16.9323 -0.289783 16.9323
-5.49291 17.1092 -0.589253 17.1092
-4.81371 17.1212 -0.607236 17.1212
-6.35799 17.2001 -0.682861 17.2001
-6.76405 17.2415 -0.773026 17.2415
-7.43746 17.2834 -0.84009 17.2834
-8.22897 17.3267 -0.917766 17.3267
-9.59452 17.3892 -1.0375 17.3892
-11.5262 17.5165 -1.30502 17.5165
-10.1292 17.5698 -1.43208 17.5698
-9.47999 17.6252 -1.54236 17.6252
-8.7288 17.6622 -1.6101 17.6622
-8.7897 17.7197 -1.73592 17.7197
-8.28638 17.752 -1.83015 17.752
-8.35118 17.8003 -1.89291 17.8003
-8.30798 17.8438 -1.9919 17.8438
-8.43939 17.8935 -2.10204 17.8935
-8.36625 17.9341 -2.17575 17.9341
-8.7547 17.9952 -2.28707 17.9952
-8.65118 18.0342 -2.39861 18.0342
-8.58114 18.0697 -2.46585 18.0697
-8.75771 18.1136 -2.53079 18.1136
-8.84884 18.1513 -2.60871 18.1513
-9.25155 18.2025 -2.70919 18.2025
-9.74505 18.2599 -2.83064 18.2599
-9.90433 18.3024 -2.9019 18.3024
-9.8843 18.3331 -2.98368 18.3331
-9.74283 18.3538 -3.03131 18.3538
-10.9092 18.4478 -3.15386 18.4478
-11.0555 18.4973 -3.24001 18.4973
-12.9105 18.7313 -3.55608 18.7313
-12.2094 18.8273 -3.61663 18.8273
-11.2725 18.8808 -3.6694 18.8808
-10.4394 18.9418 -3.75654 18.9418
-28.2394 24.6661 -1.01791 24.6661
-29.8368 24.7141 -1.10637 24.7141
-30.3133 24.7542 -1.19211 24.7542
-33.3887 24.8109 -1.30278 24.8109
-30.987 24.8384 -1.38276 24.8384
-33.4308 24.8829 -1.45298 24.8829
-33.4102 24.918 -1.49682 24.918
-35.697 24.9649 -1.6401 24.9649
-37.6761 25.0216 -1.73468 25.0216
-40.9371 25.1356 -1.90938 25.1356
-33.055 25.177 -1.98058 25.177
-28.571 25.2095 -2.01799 25.2095
-28.7932 25.2714 -2.08276 25.2714
-27.2497 25.3219 -2.16406 25.3219
-24.29 25.35 -2.20603 25.35
-24.8768 25.41 -2.24691 25.41
-24.3189 25.4673 -2.31101 25.4673
-21.3218 25.4898 -2.33997 25.4898
-20.7627 25.5345 -2.3682 25.5345
-20.7473 25.5915 -2.42637 25.5915
-20.2623 25.6493 -2.4662 25.6493
-18.9163 25.6931 -2.49285 25.6931
-18.4904 25.7552 -2.53107 25.7552
-17.0798 25.7943 -2.56163 25.7943
-15.791 25.8254 -2.57778 25.8254
-15.1092 25.8643 -2.59178 25.8643
-14.9018 25.9145 -2.61454 25.9145
-14.8094 25.9699 -2.66032 25.9699
-14.2449 26.0089 -2.67274 26.0089
-14.2174 26.0655 -2.70725 26.0655
-13.712 26.1026 -2.72675 26.1026
-13.4223 26.1445 -2.74531 26.1445
-13.2267 26.1891 -2.75478 26.1891
-13.1996 26.2429 -2.78248 26.2429
-13.0478 26.2931 -2.80863 26.2931
-12.7899 26.3385 -2.82611 26.3385
-12.7389 26.4024 -2.85196 26.4024
-13.7471 26.6346 -3.01149 26.6346
-12.6224 26.6674 -3.03817 26.6674
-11.8048 26.7424 -3.10324 26.7424
-10.9445 26.7685 -3.14317 26.7685
-10.6551 26.8138 -3.17193 26.8138
-10.9565 26.8604 -3.23792 26.8604
-11.1756 26.9056 -3.28366 26.9056
-11.3959 26.9673 -3.36555 26.9673
-11.5816 27.0266 -3.44132 27.0266
-11.686 27.0716 -3.51381 27.0716
-11.7064 27.0986 -3.55516 27.0986
-11.8172 27.156 -3.62356 27.156
-11.8825 27.1981 -3.69936 27.1981
-12.8216 27.4792 -4.24499 27.4792
-12.9917 27.5205 -4.32583 27.5205
-13.1433 27.555 -4.38482 27.555
-13.3637 27.605 -4.47262 27.605
-13.647 27.6705 -4.61201 27.6705
-13.8681 27.714 -4.72318 27.714
-14.0475 27.7539 -4.79033 27.7539
-14.2274 27.7911 -4.85842 27.7911
-14.4356 27.8467 -4.95392 27.8467
-9.33388 31.9779 -0.277261 31.9779
-9.79909 32.0288 -0.258083 32.0288
-9.72522 32.0779 -0.27571 32.0779
-7.22486 32.1344 0.290538 32.1344
-5.12195 32.1802 0.231823 32.1802
-3.53213 32.216 0.230835 32.216
-2.36566 32.2417 0.226048 32.2417
-2.0117 32.3047 0.171332 32.3047
-0.449719 32.3516 0.128074 32.3516
-0.0367384 32.4039 0.0926618 32.4039
-0.0975666 32.4581 0.0401761 32.4581
-26.7539 35.0652 -1.0903 35.0652
-28.3009 35.1073 -1.13897 35.1073
-31.3854 35.1626 -1.21569 35.1626
-31.7269 35.2097 -1.29103 35.2097
-31.3235 35.2504 -1.34619 35.2504
-34.1643 35.3157 -1.43083 35.3157
-30.7912 35.3483 -1.45666 35.3483
-31.4169 35.3972 -1.51513 35.3972
-31.1939 35.4461 -1.5251 35.4461
-29.4506 35.4848 -1.56051 35.4848
-27.5519 35.5164 -1.59489 35.5164
-32.7282 35.625 -1.71212 35.625
-26.2386 35.647 -1.7201 35.647
-24.2898 35.6881 -1.76488 35.6881
-23.8075 35.7446 -1.7839 35.7446
-22.1489 35.7899 -1.82866 35.7899
-20.4821 35.8307 -1.84308 35.8307
-20.5412 35.9002 -1.88651 35.9002
-18.2017 35.9327 -1.90933 35.9327
-16.4147 35.9608 -1.92434 35.9608
-15.912 36.0043 -2.24565 36.0043
-15.9984 36.0684 -1.99312 36.0684
-14.8017 36.1054 -1.98399 36.1054
-14.1282 36.1506 -2.01198 36.1506
-14.4813 36.234 -2.0647 36.234
-13.1348 36.2666 -1.90957 36.2666
-12.2522 36.3004 -2.08528 36.3004
-11.9424 36.351 -2.11445 36.351
-11.3928 36.3876 -2.12626 36.3876
-11.4625 36.4525 -2.16193 36.4525
-11.3389 36.5123 -2.19591 36.5123
-10.8687 36.5502 -2.22699 36.5502
-10.249 36.5694 -2.24319 36.5694
-10.1437 36.6165 -2.26428 36.6165
-10.0857 36.6681 -2.32665 36.6681
-9.96837 36.7179 -2.36331 36.7179
-9.7558 36.7608 -2.40008 36.7608
-9.63109 36.8154 -2.44229 36.8154
-9.44379 36.8687 -2.51987 36.8687
-9.07421 36.898 -2.5594 36.898
-8.8592 36.952 -2.61386 36.952
-8.57506 36.9992 -2.68102 36.9992
-8.39178 37.0382 -2.74577 37.0382
-8.51803 37.0812 -2.79904 37.0812
-8.68786 37.1308 -2.87408 37.1308
-8.91274 37.1937 -2.91554 37.1937
-8.98162 37.2279 -2.80073 37.2279
-9.08594 37.2696 -2.81129 37.2696
-9.17515 37.3087 -2.84165 37.3087
-9.27821 37.3492 -2.89307 37.3492
-9.43588 37.3904 -3.28034 37.3904
-9.60342 37.4362 -3.33444 37.4362
-10.7252 37.8092 -3.00089 37.8092
-10.7081 37.8491 -3.07456 37.8491
-10.752 37.875 -3.13271 37.875
-10.8625 37.8946 -3.16766 37.8946
-11.1428 37.972 -3.29904 37.972
-11.4263 38.0347 -3.45483 38.0347
-11.6939 38.0701 -3.57486 38.0701
-11.9821 38.1339 -3.68474 38.1339
-12.3072 38.1605 -3.76556 38.1605
-12.6356 38.2111 -3.82241 38.2111
-12.9124 38.2525 -3.92986 38.2525
-13.1022 38.2939 -3.99976 38.2939
-13.1856 38.3425 -4.05535 38.3425
-13.4319 38.3959 -4.10702 38.3959
-13.6459 38.4528 -3.99742 38.4528
-13.6642 38.4799 -4.03211 38.4799
-13.6627 38.5216 -4.06382 38.5216
-13.8551 38.5783 -4.06642 38.5783
-13.8239 38.6257 -3.99719 38.6257
-13.7296 38.667 -4.01414 38.667
-13.9261 38.7177 -4.57232 38.7177
-14.1247 38.7693 -4.63618 38.7693
-14.1087 38.8025 -4.66303 38.8025
-14.3636 38.859 -4.71645 38.859
-14.5 38.9079 -4.75101 38.9079
-14.4896 38.9398 -4.76966 38.9398
-14.8049 39.0564 -4.88033 39.0564
-14.9227 39.0903 -4.88944 39.0903
-15.0382 39.1303 -4.91525 39.1303
-15.0753 39.1629 -4.92582 39.1629
-15.2192 39.2301 -4.95976 39.2301
-15.3724 39.2599 -4.98596 39.2599
-15.4408 39.311 -5.00335 39.311
-15.7247 39.3852 -5.04639 39.3852
-15.9425 39.4213 -5.07254 39.4213
-16.2488 39.4555 -5.07855 39.4555
-16.6508 39.5024 -5.10039 39.5024
-17.1654 39.5566 -5.1369 39.5566
-17.3975 39.5933 -5.15413 39.5933
-17.8924 39.6451 -5.17524 39.6451
-18.2887 39.7024 -5.21757 39.7024
-18.5902 39.7325 -5.23329 39.7325
-18.8672 39.7746 -5.24219 39.7746
-19.1339 39.8213 -5.27117 39.8213
-19.1821 39.8745 -5.30126 39.8745
-19.5124 39.931 -5.34999 39.931
-19.9679 40.0118 -5.41388 40.0118
-20.1975 40.0456 -5.47336 40.0456
-20.3168 40.1021 -5.50186 40.1021
-20.5482 40.1407 -5.60251 40.1407
-20.782 40.1682 -6.16 40.1682
-20.7754 40.2336 -6.5183 40.2336
-21.2181 40.2872 -6.82896 40.2872
-21.6715 40.3303 -7.06528 40.3303
-21.8958 40.3648 -7.15763 40.3648
-22.3991 40.4162 -7.1792 40.4162
-22.5239 40.4645 -7.24887 40.4645
-22.6424 40.5052 -7.31281 40.5052
-23.1881 40.5696 -7.41137 40.5696
-23.8493 40.6143 -7.47722 40.6143
-24.1254 40.649 -7.56134 40.649
-24.3156 40.6856 -7.61826 40.6856
-24.6686 40.7328 -7.69336 40.7328
-25.2431 40.7873 -7.79938 40.7873
-25.4003 40.8222 -7.87103 40.8222
-25.6862 40.8622 -7.91108 40.8622
-26.543 40.9208 -8.03714 40.9208
-27.0286 40.972 -8.15468 40.972
-27.3361 41.0023 -8.22762 41.0023
-28.0829 41.0523 -8.31219 41.0523
-28.6286 41.09 -8.3803 41.09
-28.9394 41.1169 -8.44392 41.1169
-29.1318 41.1489 -8.49854 41.1489
-30.6973 41.2371 -8.66336 41.2371
-31.6902 41.2969 -8.83883 41.2969
-32.2065 41.3233 -8.89798 41.3233
-33.1986 41.3777 -8.96634 41.3777
-44.1905 43.4038 -1.03734 43.4038
-41.6545 43.4475 -1.09986 43.4475
-38.9831 43.4809 -1.13253 43.4809
-40.0295 43.5231 -1.15498 43.5231
-38.2941 43.5541 -1.18942 43.5541
-43.7565 43.6214 -1.26103 43.6214
-41.0146 43.6701 -1.3404 43.6701
-39.2969 43.7223 -1.42251 43.7223
-33.9274 43.7469 -1.44483 43.7469
-34.1759 43.7896 -1.51158 43.7896
-35.1423 43.8417 -1.58257 43.8417
-34.0994 43.8879 -1.68627 43.8879
-33.1874 43.9373 -1.73894 43.9373
-33.793 44.0083 -1.87672 44.0083
-29.7839 44.0463 -1.96074 44.0463
-26.0909 44.0706 -2.00525 44.0706
-26.2505 44.1234 -2.07672 44.1234
-24.6289 44.1609 -2.16049 44.1609
-24.3086 44.2124 -2.22367 44.2124
-24.4125 44.2779 -2.39292 44.2779
-23.1297 44.3335 -2.49171 44.3335
23.0008 45.9282 0.183119 45.9282
19.9547 45.9605 0.160901 45.9605
19.1677 46.0006 0.155015 46.0006
17.4968 46.0335 0.135353 46.0335
16.9375 46.0737 0.113426 46.0737
16.8958 46.1282 0.0868723 46.1282
15.5448 46.183 0.057329 46.183
13.8765 46.2395 0.0195891 46.2395
11.1512 46.2687 0.0129604 46.2687
10.3739 46.3148 -0.00280267 46.3148
11.2216 46.4216 -0.0567854 46.4216
9.97478 46.5475 -0.145302 46.5475
