-32.9338 0 -1.29595 0
-33.3185 0.0400102 -1.33621 0.0400102
-34.0293 0.080379 -1.39062 0.080379
-35.0189 0.124421 -1.42215 0.124421
-34.2863 0.161229 -1.47311 0.161229
-34.9054 0.205077 -1.50592 0.205077
-36.9185 0.268021 -1.57839 0.268021
-32.7268 0.299152 -1.59122 0.299152
-29.9439 0.325718 -1.61226 0.325718
-38.0139 0.561659 -1.79821 0.561659
-26.734 0.616529 -1.83137 0.616529
-21.0317 0.649813 -1.85132 0.649813
-18.5145 0.689564 -1.87378 0.689564
-16.9726 0.7276 -1.88776 0.7276
-15.7014 0.759103 -1.9135 0.759103
-15.2886 0.799041 -1.92962 0.799041
-15.743 0.857582 -1.96068 0.857582
-15.7185 0.915738 -1.98291 0.915738
-14.7119 0.953761 -2.00646 0.953761
-13.8576 0.989206 -2.02941 0.989206
-13.5844 1.03725 -2.05769 1.03725
-13.168 1.08223 -2.07444 1.08223
-12.8586 1.13075 -2.10206 1.13075
-12.452 1.17586 -2.12746 1.17586
-12.3502 1.23394 -2.15833 1.23394
-11.7304 1.26955 -2.17754 1.26955
-11.1428 1.29883 -2.19637 1.29883
-10.9364 1.34176 -2.21876 1.34176
-10.86 1.39183 -2.25416 1.39183
-10.7559 1.44231 -2.2978 1.44231
-10.6429 1.49443 -2.35192 1.49443
-10.481 1.54577 -2.39752 1.54577
-10.0204 1.57056 -2.42566 1.57056
-9.75168 1.60679 -2.45176 1.60679
-9.48808 1.64139 -2.49137 1.64139
-9.39603 1.69723 -2.56035 1.69723
-9.12275 1.73508 -2.60934 1.73508
-8.92651 1.78889 -2.67205 1.78889
-8.62578 1.83019 -2.72095 1.83019
-8.41867 1.88055 -2.80738 1.88055
-8.54817 1.91606 -2.84938 1.91606
-8.72498 1.96237 -2.91044 1.96237
-8.8943 2.0052 -2.98251 2.0052
-9.09292 2.05469 -3.06342 2.05469
-9.25013 2.09498 -3.14738 2.09498
-9.47623 2.14965 -3.23174 2.14965
-10.6899 2.58943 -2.86469 2.58943
-10.7282 2.67311 -3.15176 2.67311
-10.8422 2.71829 -3.22277 2.71829
-11.1922 2.75619 -3.33783 2.75619
-11.8173 2.8193 -3.44232 2.8193
-12.3847 2.83884 -3.50617 2.83884
-12.7035 2.87135 -3.5719 2.87135
-12.8775 2.92537 -3.66566 2.92537
-12.8742 2.95323 -3.73121 2.95323
-12.938 3.01389 -3.81514 3.01389
-12.9296 3.05629 -3.92742 3.05629
-12.9337 3.10647 -3.99583 3.10647
-12.907 3.14519 -4.08036 3.14519
-12.8319 3.17034 -4.11915 3.17034
-13.4046 3.32205 -4.32079 3.32205
-13.4804 3.36053 -4.36384 3.36053
-13.63 3.40843 -4.41514 3.40843
-13.8168 3.46447 -4.49318 3.46447
-13.9216 3.49502 -4.56193 3.49502
-14.0856 3.53793 -4.59118 3.53793
-14.1889 3.57895 -4.62357 3.57895
-14.4496 3.62531 -4.66861 3.62531
-14.518 3.67096 -4.70377 3.67096
-14.7086 3.71442 -4.74663 3.71442
-14.9778 3.77029 -4.79343 3.77029
-15.1262 3.80157 -4.82063 3.80157
-14.7788 3.83832 -4.83956 3.83832
-14.5665 3.879 -4.86718 3.879
-14.6885 3.93417 -4.89017 3.93417
-14.8226 3.96573 -4.90859 3.96573
-14.9161 4.01466 -4.94795 4.01466
-15.0526 4.06585 -4.97845 4.06585
-15.0074 4.11611 -5.00521 4.11611
-15.1553 4.14891 -5.02434 4.14891
-15.2863 4.18668 -5.03853 4.18668
-15.51 4.23143 -5.0671 4.23143
-15.7239 4.2743 -5.09701 4.2743
-16.0544 4.32865 -5.12223 4.32865
-16.4943 4.36178 -5.13973 4.36178
-16.9756 4.42242 -5.16685 4.42242
-17.5653 4.45057 -5.18288 4.45057
-18.2744 4.49179 -5.19904 4.49179
-18.2946 4.52524 -5.1986 4.52524
-18.4409 4.57357 -5.22993 4.57357
-18.6927 4.61436 -5.25595 4.61436
-18.9309 4.67146 -5.29927 4.67146
-34.1331 6.69765 -1.18354 6.69765
-36.2606 6.75315 -1.26312 6.75315
-33.9815 6.78817 -1.31475 6.78817
-36.1053 6.8431 -1.35971 6.8431
-35.9192 6.89557 -1.41114 6.89557
-35.5195 6.95195 -1.47992 6.95195
-31.3928 6.98104 -1.50527 6.98104
-31.6589 7.02722 -1.52347 7.02722
-31.3567 7.07329 -1.5617 7.07329
-31.0736 7.12361 -1.59791 7.12361
-30.2962 7.17641 -1.62341 7.17641
-34.0504 7.38279 -1.80125 7.38279
-24.937 7.44959 -1.88468 7.44959
-20.0399 7.50205 -1.91337 7.50205
-17.087 7.5469 -1.93483 7.5469
-14.6618 7.57208 -1.95284 7.57208
-14.0308 7.62239 -1.96906 7.62239
-13.4775 7.67187 -1.99041 7.67187
-12.5336 7.70479 -2.0125 7.70479
-12.1768 7.74842 -2.03571 7.74842
-12.2691 7.80767 -2.06844 7.80767
-12.0595 7.86086 -2.09541 7.86086
-11.5566 7.90144 -2.12027 7.90144
-11.1475 7.941 -2.13812 7.941
-10.806 7.97923 -2.1574 7.97923
-10.9301 8.03969 -2.19158 8.03969
-10.5914 8.07768 -2.21831 8.07768
-10.6474 8.13715 -2.27818 8.13715
-10.5896 8.19412 -2.33695 8.19412
-10.2806 8.23391 -2.38166 8.23391
-10.0384 8.27559 -2.42702 8.27559
-9.8079 8.31638 -2.47488 8.31638
-9.50164 8.34726 -2.50908 8.34726
-9.51365 8.41463 -2.58405 8.41463
-9.31336 8.46656 -2.66042 8.46656
-9.06099 8.517 -2.72905 8.517
-8.65503 8.53667 -2.76626 8.53667
-8.40596 8.58991 -2.82271 8.58991
-8.61224 8.71435 -3.02969 8.71435
-8.81011 8.75533 -3.08132 8.75533
-9.09384 8.82023 -3.19223 8.82023
-9.2686 8.84373 -3.26142 8.84373
-9.49865 8.88696 -3.34157 8.88696
-9.7164 8.93012 -3.40398 8.93012
-9.9616 8.98317 -3.51 8.98317
-10.2099 9.03309 -3.60645 9.03309
-10.4954 9.09829 -3.73235 9.09829
-10.7035 9.1372 -3.84193 9.1372
-10.8675 9.17154 -3.90261 9.17154
-11.1009 9.22423 -3.99416 9.22423
-11.3024 9.27 -4.06964 9.27
-11.5336 9.32286 -4.16691 9.32286
-11.7835 9.38024 -4.30156 9.38024
-12.0054 9.42835 -4.41736 9.42835
-12.1366 9.45317 -4.45984 9.45317
-12.279 9.48911 -4.52788 9.48911
-12.563 9.55217 -4.66786 9.55217
-12.7734 9.59713 -4.75028 9.59713
-12.9271 9.63279 -4.81477 9.63279
-13.1586 9.68329 -4.90897 9.68329
-14.2679 9.91976 -5.32575 9.91976
-14.8326 10.0134 -5.57627 10.0134
-15.4454 10.0794 -5.67088 10.0794
-15.7526 10.105 -5.7047 10.105
-16.2222 10.1508 -5.75714 10.1508
-16.566 10.2019 -5.81164 10.2019
-17.1242 10.2478 -5.85023 10.2478
-17.5698 10.2918 -5.89056 10.2918
-18.0001 10.3346 -5.92959 10.3346
-18.4986 10.4044 -5.99301 10.4044
-18.083 10.4307 -6.0247 10.4307
-18.407 10.4645 -6.0504 10.4645
-18.6838 10.5046 -6.06852 10.5046
-18.8495 10.5482 -6.09757 10.5482
-18.9801 10.604 -6.13358 10.604
-19.2312 10.6434 -6.16386 10.6434
-19.2938 10.6794 -6.18692 10.6794
-19.5915 10.7472 -6.23131 10.7472
-19.8272 10.7756 -6.24729 10.7756
-19.9816 10.8138 -6.26414 10.8138
-20.1119 10.8555 -6.28652 10.8555
-20.415 10.8949 -6.29953 10.8949
-20.7204 10.9516 -6.32215 10.9516
-21.0476 11.016 -6.35598 11.016
-21.206 11.0561 -6.38812 11.0561
-21.6079 11.0951 -6.40561 11.0951
-21.8895 11.1365 -6.42467 11.1365
-22.2058 11.1815 -6.43073 11.1815
-22.5929 11.2398 -6.4614 11.2398
-22.8878 11.2871 -6.49116 11.2871
-21.7941 11.3419 -6.52595 11.3419
-21.7946 11.379 -6.56178 11.379
-21.954 11.4188 -6.5874 11.4188
-22.1666 11.4617 -6.61853 11.4617
-22.6649 11.515 -6.63366 11.515
-23.2801 11.6703 -6.80309 11.6703
-23.625 11.7035 -6.86796 11.7035
-24.2061 11.7456 -6.9143 11.7456
-24.7758 11.7948 -6.96497 11.7948
-25.4147 11.8537 -7.06746 11.8537
-26.0495 11.9055 -7.13745 11.9055
-26.8511 11.9738 -7.24734 11.9738
-27.5194 12.0015 -7.30457 12.0015
-28.1842 12.0339 -7.3404 12.0339
-28.5485 12.0802 -7.38841 12.0802
-28.9606 12.1083 -7.45682 12.1083
-29.1437 12.149 -7.52484 12.149
-29.4333 12.2114 -7.60902 12.2114
-29.8198 12.2608 -7.7088 12.2608
-31.4264 12.4523 -8.1429 12.4523
-31.8884 12.4943 -8.23557 12.4943
22.4727 14.8174 0.33996 14.8174
22.2162 14.861 0.306688 14.861
21.183 14.9025 0.260333 14.9025
20.2097 14.9457 0.229921 14.9457
18.9659 14.9899 0.173496 14.9899
17.9369 15.0409 0.127208 15.0409
16.7757 15.1038 0.0422221 15.1038
13.5327 15.14 -0.0383238 15.14
11.8843 15.1829 -0.0852379 15.1829
10.8021 15.2332 -0.150752 15.2332
9.34978 15.2765 -0.21539 15.2765
8.20249 15.3219 -0.277704 15.3219
6.77844 15.3532 -0.321864 15.3532
6.31768 15.4073 -0.408808 15.4073
1.64686 15.4628 -0.538997 15.4628
-1.86645 15.4835 -0.578856 15.4835
-1.8488 15.525 -0.647892 15.525
-1.86436 15.5799 -0.737503 15.5799
-1.76157 15.6247 -0.823426 15.6247
-1.64713 15.6751 -0.92722 15.6751
-1.53355 15.746 -1.05315 15.746
-1.29489 15.7694 -1.13923 15.7694
-1.07868 15.8042 -1.19493 15.8042
-0.871016 15.8565 -1.25937 15.8565
-1.05672 16.0822 -1.8085 16.0822
-20.5716 29.1383 -0.98099 29.1383
-20.0013 29.174 -1.10135 29.174
-21.6309 29.2184 -1.16476 29.2184
-24.2529 29.2762 -1.28015 29.2762
-24.994 29.3283 -1.39387 29.3283
-25.4533 29.3816 -1.50119 29.3816
-26.0729 29.4427 -1.62609 29.4427
-23.6096 29.4732 -1.71789 29.4732
-24.0013 29.5194 -1.79827 29.5194
-23.6257 29.5597 -1.8774 29.5597
-24.0227 29.6081 -1.98345 29.6081
-29.0184 29.7761 -2.42598 29.7761
-21.8835 29.7961 -2.46666 29.7961
-19.6825 29.8439 -2.51334 29.8439
-18.3894 29.8955 -2.59188 29.8955
-17.4757 29.9494 -2.6735 29.9494
-2.2132 31.6811 -0.248424 31.6811
-3.85228 31.7497 -0.289783 31.7497
-5.49291 31.9266 -0.589253 31.9266
-4.81371 31.9386 -0.607236 31.9386
-6.35799 32.0175 -0.682861 32.0175
-6.76405 32.0589 -0.773026 32.0589
-7.43746 32.1008 -0.84009 32.1008
-8.22897 32.1441 -0.917766 32.1441
-9.59452 32.2066 -1.0375 32.2066
-11.5262 32.3339 -1.30502 32.3339
-10.1292 32.3872 -1.43208 32.3872
-9.47999 32.4426 -1.54236 32.4426
-8.7288 32.4796 -1.6101 32.4796
-8.7897 32.5371 -1.73592 32.5371
-8.28638 32.5694 -1.83015 32.5694
-8.35118 32.6177 -1.89291 32.6177
-8.30798 32.6612 -1.9919 32.6612
-8.43939 32.7109 -2.10204 32.7109
-8.36625 32.7515 -2.17575 32.7515
-8.7547 32.8126 -2.28707 32.8126
-8.65118 32.8516 -2.39861 32.8516
-8.58114 32.8871 -2.46585 32.8871
-8.75771 32.931 -2.53079 32.931
-8.84884 32.9687 -2.60871 32.9687
-9.25155 33.0199 -2.70919 33.0199
-9.74505 33.0774 -2.83064 33.0774
-9.90433 33.1198 -2.9019 33.1198
-9.8843 33.1505 -2.98368 33.1505
-9.74283 33.1712 -3.03131 33.1712
-10.9092 33.2652 -3.15386 33.2652
-11.0555 33.3147 -3.24001 33.3147
-12.9105 33.5487 -3.55608 33.5487
-12.2094 33.6447 -3.61663 33.6447
-11.2725 33.6982 -3.6694 33.6982
-10.4394 33.7592 -3.75654 33.7592
-28.2394 39.4835 -1.01791 39.4835
-29.8368 39.5315 -1.10637 39.5315
-30.3133 39.5716 -1.19211 39.5716
-33.3887 39.6283 -1.30278 39.6283
-30.987 39.6558 -1.38276 39.6558
-33.4308 39.7003 -1.45298 39.7003
-33.4102 39.7354 -1.49682 39.7354
-35.697 39.7823 -1.6401 39.7823
-37.6761 39.839 -1.73468 39.839
-40.9371 39.953 -1.90938 39.953
-33.055 39.9945 -1.98058 39.9945
-28.571 40.0269 -2.01799 40.0269
-28.7932 40.0888 -2.08276 40.0888
-27.2497 40.1393 -2.16406 40.1393
-24.29 40.1674 -2.20603 40.1674
-24.8768 40.2274 -2.24691 40.2274
-24.3189 40.2847 -2.31101 40.2847
-21.3218 40.3072 -2.33997 40.3072
-20.7627 40.3519 -2.3682 40.3519
-20.7473 40.4089 -2.42637 40.4089
-20.2623 40.4667 -2.4662 40.4667
-18.9163 40.5105 -2.49285 40.5105
-18.4904 40.5727 -2.53107 40.5727
-17.0798 40.6117 -2.56163 40.6117
-15.791 40.6428 -2.57778 40.6428
-15.1092 40.6817 -2.59178 40.6817
-14.9018 40.7319 -2.61454 40.7319
-14.8094 40.7873 -2.66032 40.7873
-14.2449 40.8263 -2.67274 40.8263
-14.2174 40.8829 -2.70725 40.8829
-13.712 40.92 -2.72675 40.92
-13.4223 40.9619 -2.74531 40.9619
-13.2267 41.0066 -2.75478 41.0066
-13.1996 41.0603 -2.78248 41.0603
-13.0478 41.1105 -2.80863 41.1105
-12.7899 41.1559 -2.82611 41.1559
-12.7389 41.2198 -2.85196 41.2198
-13.7471 41.452 -3.01149 41.452
-12.6224 41.4848 -3.03817 41.4848
-11.8048 41.5598 -3.10324 41.5598
-10.9445 41.5859 -3.14317 41.5859
-10.6551 41.6312 -3.17193 41.6312
-10.9565 41.6779 -3.23792 41.6779
-11.1756 41.723 -3.28366 41.723
-11.3959 41.7847 -3.36555 41.7847
-11.5816 41.8441 -3.44132 41.8441
-11.686 41.889 -3.51381 41.889
-11.7064 41.916 -3.55516 41.916
-11.8172 41.9734 -3.62356 41.9734
-11.8825 42.0155 -3.69936 42.0155
-12.8216 42.2966 -4.24499 42.2966
-12.9917 42.3379 -4.32583 42.3379
-13.1433 42.3724 -4.38482 42.3724
-13.3637 42.4224 -4.47262 42.4224
-13.647 42.4879 -4.61201 42.4879
-13.8681 42.5314 -4.72318 42.5314
-14.0475 42.5713 -4.79033 42.5713
-14.2274 42.6085 -4.85842 42.6085
-14.4356 42.6642 -4.95392 42.6642
-9.33388 46.7954 -0.277261 46.7954
-9.79909 46.8462 -0.258083 46.8462
-9.72522 46.8953 -0.27571 46.8953
-7.22486 46.9518 0.290538 46.9518
-5.12195 46.9976 0.231823 46.9976
-3.53213 47.0334 0.230835 47.0334
-2.36566 47.0591 0.226048 47.0591
-2.0117 47.1221 0.171332 47.1221
-0.449719 47.169 0.128074 47.169
-0.0367384 47.2213 0.0926618 47.2213
-0.0975666 47.2755 0.0401761 47.2755
-26.7539 49.8826 -1.0903 49.8826
-28.3009 49.9247 -1.13897 49.9247
-31.3854 49.98 -1.21569 49.98
-31.7269 50.0272 -1.29103 50.0272
-31.3235 50.0678 -1.34619 50.0678
-34.1643 50.1331 -1.43083 50.1331
-30.7912 50.1657 -1.45666 50.1657
-31.4169 50.2146 -1.51513 50.2146
-31.1939 50.2635 -1.5251 50.2635
-29.4506 50.3022 -1.56051 50.3022
-27.5519 50.3338 -1.59489 50.3338
-32.7282 50.4424 -1.71212 50.4424
-26.2386 50.4644 -1.7201 50.4644
-24.2898 50.5055 -1.76488 50.5055
-23.8075 50.562 -1.7839 50.562
-22.1489 50.6073 -1.82866 50.6073
-20.4821 50.6481 -1.84308 50.6481
-20.5412 50.7176 -1.88651 50.7176
-18.2017 50.7501 -1.90933 50.7501
-16.4147 50.7782 -1.92434 50.7782
-15.912 50.8217 -2.24565 50.8217
-15.9984 50.8858 -1.99312 50.8858
-14.8017 50.9228 -1.98399 50.9228
-14.1282 50.968 -2.01198 50.968
-14.4813 51.0514 -2.0647 51.0514
-13.1348 51.084 -1.90957 51.084
-12.2522 51.1178 -2.08528 51.1178
-11.9424 51.1684 -2.11445 51.1684
-11.3928 51.2051 -2.12626 51.2051
-11.4625 51.2699 -2.16193 51.2699
-11.3389 51.3297 -2.19591 51.3297
-10.8687 51.3676 -2.22699 51.3676
-10.249 51.3868 -2.24319 51.3868
-10.1437 51.4339 -2.26428 51.4339
-10.0857 51.4855 -2.32665 51.4855
-9.96837 51.5353 -2.36331 51.5353
-9.7558 51.5782 -2.40008 51.5782
-9.63109 51.6328 -2.44229 51.6328
-9.44379 51.6861 -2.51987 51.6861
-9.07421 51.7154 -2.5594 51.7154
-8.8592 51.7694 -2.61386 51.7694
-8.57506 51.8166 -2.68102 51.8166
-8.39178 51.8556 -2.74577 51.8556
-8.51803 51.8986 -2.79904 51.8986
-8.68786 51.9482 -2.87408 51.9482
-8.91274 52.0111 -2.91554 52.0111
-8.98162 52.0453 -2.80073 52.0453
-9.08594 52.087 -2.81129 52.087
-9.17515 52.1261 -2.84165 52.1261
-9.27821 52.1666 -2.89307 52.1666
-9.43588 52.2078 -3.28034 52.2078
-9.60342 52.2536 -3.33444 52.2536
-10.7252 52.6266 -3.00089 52.6266
-10.7081 52.6665 -3.07456 52.6665
-10.752 52.6924 -3.13271 52.6924
-10.8625 52.712 -3.16766 52.712
-11.1428 52.7894 -3.29904 52.7894
-11.4263 52.8521 -3.45483 52.8521
-11.6939 52.8876 -3.57486 52.8876
-11.9821 52.9513 -3.68474 52.9513
-12.3072 52.9779 -3.76556 52.9779
-12.6356 53.0285 -3.82241 53.0285
-12.9124 53.0699 -3.92986 53.0699
-13.1022 53.1113 -3.99976 53.1113
-13.1856 53.1599 -4.05535 53.1599
-13.4319 53.2133 -4.10702 53.2133
-13.6459 53.2703 -3.99742 53.2703
-13.6642 53.2973 -4.03211 53.2973
-13.6627 53.339 -4.06382 53.339
-13.8551 53.3957 -4.06642 53.3957
-13.8239 53.4431 -3.99719 53.4431
-13.7296 53.4845 -4.01414 53.4845
-13.9261 53.5351 -4.57232 53.5351
-14.1247 53.5867 -4.63618 53.5867
-14.1087 53.6199 -4.66303 53.6199
-14.3636 53.6764 -4.71645 53.6764
-14.5 53.7253 -4.75101 53.7253
-14.4896 53.7572 -4.76966 53.7572
-14.8049 53.8738 -4.88033 53.8738
-14.9227 53.9077 -4.88944 53.9077
-15.0382 53.9477 -4.91525 53.9477
-15.0753 53.9803 -4.92582 53.9803
-15.2192 54.0475 -4.95976 54.0475
-15.3724 54.0773 -4.98596 54.0773
-15.4408 54.1284 -5.00335 54.1284
-15.7247 54.2026 -5.04639 54.2026
-15.9425 54.2387 -5.07254 54.2387
-16.2488 54.2729 -5.07855 54.2729
-16.6508 54.3198 -5.10039 54.3198
-17.1654 54.374 -5.1369 54.374
-17.3975 54.4107 -5.15413 54.4107
-17.8924 54.4625 -5.17524 54.4625
-18.2887 54.5198 -5.21757 54.5198
-18.5902 54.5499 -5.23329 54.5499
-18.8672 54.592 -5.24219 54.592
-19.1339 54.6387 -5.27117 54.6387
-19.1821 54.6919 -5.30126 54.6919
-19.5124 54.7484 -5.34999 54.7484
-19.9679 54.8292 -5.41388 54.8292
-20.1975 54.863 -5.47336 54.863
-20.3168 54.9195 -5.50186 54.9195
-20.5482 54.9581 -5.60251 54.9581
-20.782 54.9857 -6.16 54.9857
-20.7754 55.051 -6.5183 55.051
-21.2181 55.1046 -6.82896 55.1046
-21.6715 55.1477 -7.06528 55.1477
-21.8958 55.1822 -7.15763 55.1822
-22.3991 55.2336 -7.1792 55.2336
-22.5239 55.2819 -7.24887 55.2819
-22.6424 55.3226 -7.31281 55.3226
-23.1881 55.387 -7.41137 55.387
-23.8493 55.4317 -7.47722 55.4317
-24.1254 55.4664 -7.56134 55.4664
-24.3156 55.503 -7.61826 55.503
-24.6686 55.5502 -7.69336 55.5502
-25.2431 55.6047 -7.79938 55.6047
-25.4003 55.6396 -7.87103 55.6396
-25.6862 55.6796 -7.91108 55.6796
-26.543 55.7382 -8.03714 55.7382
-27.0286 55.7894 -8.15468 55.7894
-27.3361 55.8197 -8.22762 55.8197
-28.0829 55.8697 -8.31219 55.8697
-28.6286 55.9074 -8.3803 55.9074
-28.9394 55.9343 -8.44392 55.9343
-29.1318 55.9663 -8.49854 55.9663
-30.6973 56.0545 -8.66336 56.0545
-31.6902 56.1143 -8.83883 56.1143
-32.2065 56.1407 -8.89798 56.1407
-33.1986 56.1951 -8.96634 56.1951
-44.1905 58.2213 -1.03734 58.2213
-41.6545 58.2649 -1.09986 58.2649
-38.9831 58.2983 -1.13253 58.2983
-40.0295 58.3405 -1.15498 58.3405
-38.2941 58.3715 -1.18942 58.3715
-43.7565 58.4388 -1.26103 58.4388
-41.0146 58.4875 -1.3404 58.4875
-39.2969 58.5397 -1.42251 58.5397
-33.9274 58.5643 -1.44483 58.5643
-34.1759 58.607 -1.51158 58.607
-35.1423 58.6591 -1.58257 58.6591
-34.0994 58.7053 -1.68627 58.7053
-33.1874 58.7547 -1.73894 58.7547
-33.793 58.8257 -1.87672 58.8257
-29.7839 58.8637 -1.96074 58.8637
-26.0909 58.888 -2.00525 58.888
-26.2505 58.9408 -2.07672 58.9408
-24.6289 58.9783 -2.16049 58.9783
-24.3086 59.0298 -2.22367 59.0298
-24.4125 59.0953 -2.39292 59.0953
-23.1297 59.1509 -2.49171 59.1509
23.0008 60.7456 0.183119 60.7456
19.9547 60.778 0.160901 60.778
19.1677 60.8181 0.155015 60.8181
17.4968 60.8509 0.135353 60.8509
16.9375 60.8911 0.113426 60.8911
16.8958 60.9456 0.0868723 60.9456
15.5448 61.0004 0.057329 61.0004
13.8765 61.0569 0.0195891 61.0569
11.1512 61.0861 0.0129604 61.0861
10.3739 61.1322 -0.00280267 61.1322
11.2216 61.239 -0.0567854 61.239
9.97478 61.3649 -0.145302 61.3649
-33.6279 65.8518 -1.09085 65.8518
-34.334 65.8972 -1.05589 65.8972
-32.5201 65.9283 -1.06417 65.9283
-35.8219 65.9825 -1.11971 65.9825
-38.9731 66.0481 -1.67355 66.0481
-35.0185 66.0782 -1.75647 66.0782
-24.2507 76.7055 -0.929565 76.7055
-30.3181 76.7703 -0.984493 76.7703
-30.5522 76.8236 -1.06626 76.8236
-27.388 76.8488 -1.10988 76.8488
-26.5742 76.8732 -1.13647 76.8732
-31.1014 76.9256 -1.17475 76.9256
-33.351 76.9856 -1.2471 76.9856
-31.7946 77.0347 -1.29261 77.0347
-30.2517 77.0832 -1.33346 77.0832
-28.3442 77.1263 -1.36809 77.1263
-26.351 77.1626 -1.39542 77.1626
-26.5376 77.2153 -1.41453 77.2153
-25.2054 77.2597 -1.44827 77.2597
-24.8612 77.3165 -1.48779 77.3165
-23.1872 77.364 -1.51452 77.364
-22.0799 77.4191 -1.50416 77.4191
-19.1344 77.4435 -1.5419 77.4435
-18.7797 77.4955 -1.58444 77.4955
