-0.466144 0 -0.271146 0
-0.49774 0.0412204 -0.298469 0.0412204
-0.574631 0.105925 -0.332358 0.105925
-0.524066 0.68233 -0.00310312 0.68233
-4.728 5.75838 -1.00783 5.75838
-4.63889 5.81987 -1.04968 5.81987
-4.7806 5.91136 -1.11067 5.91136
-4.38681 5.95381 -1.15006 5.95381
-4.23888 5.99895 -1.16123 5.99895
-4.79845 8.76331 -1.25375 8.76331
-4.381 8.80683 -1.30303 8.80683
-4.36569 8.86497 -1.33245 8.86497
-4.47891 8.92603 -1.40927 8.92603
-4.64378 8.99035 -1.45387 8.99035
-4.92552 9.07718 -1.51421 9.07718
-4.70386 9.11386 -1.55051 9.11386
-4.70689 9.18147 -1.59327 9.18147
-4.53971 9.23957 -1.62724 9.23957
-4.37904 9.29092 -1.64632 9.29092
3.51649 17.2849 -0.273768 17.2849
2.85867 17.347 -0.355052 17.347
2.15531 17.4004 -0.460884 17.4004
1.53544 17.4619 -0.569986 17.4619
0.93665 17.5115 -0.656886 17.5115
0.383026 17.5959 -0.821146 17.5959
-0.071025 17.6291 -0.913256 17.6291
-0.406351 17.6707 -0.98009 17.6707
-0.674645 17.7461 -1.11973 17.7461
-0.827959 17.7942 -1.21826 17.7942
-1.62476 20.6728 -0.917686 20.6728
-1.96291 20.7405 -1.04451 20.7405
-2.3994 20.8172 -1.19402 20.8172
