-2.27465 0 -1.29595 0
-2.48859 0.0400102 -1.33621 0.0400102
-2.71281 0.080379 -1.39062 0.080379
-2.93935 0.124421 -1.42215 0.124421
-3.15518 0.161229 -1.47311 0.161229
-3.37078 0.205077 -1.50592 0.205077
-3.64038 0.268021 -1.57839 0.268021
-3.84429 0.299152 -1.59122 0.299152
-3.99587 0.325718 -1.61226 0.325718
-4.47379 0.561659 -1.79821 0.561659
-5.84584 0.616529 -1.83137 0.616529
-5.87248 0.649813 -1.85132 0.649813
-5.69163 0.689564 -1.87378 0.689564
-5.56879 0.7276 -1.88776 0.7276
-5.47535 0.759103 -1.9135 0.759103
-5.44682 0.799041 -1.92962 0.799041
-5.46881 0.857582 -1.96068 0.857582
-5.46397 0.915738 -1.98291 0.915738
-5.48364 0.953761 -2.00646 0.953761
-5.61208 0.989206 -2.02941 0.989206
-5.85839 1.03725 -2.05769 1.03725
-6.14688 1.08223 -2.07444 1.08223
-6.35999 1.13075 -2.10206 1.13075
-6.52714 1.17586 -2.12746 1.17586
-7.53206 1.23394 -2.15833 1.23394
-7.37436 1.26955 -2.17754 1.26955
-7.12411 1.29883 -2.19637 1.29883
-6.86739 1.34176 -2.21876 1.34176
-6.68636 1.39183 -2.25416 1.39183
-6.77536 1.44231 -2.2978 1.44231
-6.84121 1.49443 -2.35192 1.49443
-7.4418 1.54577 -2.39752 1.54577
-7.49735 1.57056 -2.42566 1.57056
-7.56801 1.60679 -2.45176 1.60679
-7.61783 1.64139 -2.49137 1.64139
-7.75902 1.69723 -2.56035 1.69723
-7.8407 1.73508 -2.60934 1.73508
-7.99176 1.78889 -2.67205 1.78889
-8.09958 1.83019 -2.72095 1.83019
-8.25866 1.88055 -2.80738 1.88055
-8.3522 1.91606 -2.84938 1.91606
-8.45973 1.96237 -2.91044 1.96237
-8.16904 2.0052 -2.98251 2.0052
-9.34687 2.05469 -3.06342 2.05469
-9.00575 2.09498 -3.14738 2.09498
-8.6962 2.14965 -3.23174 2.14965
-11.6395 2.58943 -2.86469 2.58943
-11.6977 2.67311 -3.15176 2.67311
-11.4736 2.71829 -3.22277 2.71829
-11.323 2.75619 -3.33783 2.75619
-11.4123 2.8193 -3.44232 2.8193
-11.2436 2.83884 -3.50617 2.83884
-11.1786 2.87135 -3.5719 2.87135
-11.1851 2.92537 -3.66566 2.92537
-11.038 2.95323 -3.73121 2.95323
-11.1619 3.01389 -3.81514 3.01389
-11.2105 3.05629 -3.92742 3.05629
-11.3512 3.10647 -3.99583 3.10647
-11.4187 3.14519 -4.08036 3.14519
-11.3974 3.17034 -4.11915 3.17034
-12.5604 3.32205 -4.32079 3.32205
-12.7201 3.36053 -4.36384 3.36053
-12.9856 3.40843 -4.41514 3.40843
-13.2461 3.46447 -4.49318 3.46447
-13.2846 3.49502 -4.56193 3.49502
-13.3838 3.53793 -4.59118 3.53793
-13.3751 3.57895 -4.62357 3.57895
-13.7289 3.62531 -4.66861 3.62531
-13.8613 3.67096 -4.70377 3.67096
-14.027 3.71442 -4.74663 3.71442
-14.7261 3.77029 -4.79343 3.77029
-14.8359 3.80157 -4.82063 3.80157
-14.7678 3.83832 -4.83956 3.83832
-13.8452 3.879 -4.86718 3.879
-13.7072 3.93417 -4.89017 3.93417
-15.4132 3.96573 -4.90859 3.96573
-15.4051 4.01466 -4.94795 4.01466
-15.465 4.06585 -4.97845 4.06585
-15.3827 4.11611 -5.00521 4.11611
-15.4999 4.14891 -5.02434 4.14891
-15.6817 4.18668 -5.03853 4.18668
-15.8807 4.23143 -5.0671 4.23143
-16.1127 4.2743 -5.09701 4.2743
-16.4653 4.32865 -5.12223 4.32865
-16.7288 4.36178 -5.13973 4.36178
-16.9404 4.42242 -5.16685 4.42242
-17.1623 4.45057 -5.18288 4.45057
-17.6775 4.49179 -5.19904 4.49179
-16.7683 4.52524 -5.1986 4.52524
-16.5109 4.57357 -5.22993 4.57357
-16.551 4.61436 -5.25595 4.61436
-16.8311 4.67146 -5.29927 4.67146
-2.33707 6.69765 -1.18354 6.69765
-2.61316 6.75315 -1.26312 6.75315
-2.81305 6.78817 -1.31475 6.78817
-3.06731 6.8431 -1.35971 6.8431
-3.3078 6.89557 -1.41114 6.89557
-3.56505 6.95195 -1.47992 6.95195
-3.69445 6.98104 -1.50527 6.98104
-3.86752 7.02722 -1.52347 7.02722
-4.03361 7.07329 -1.5617 7.07329
-4.2169 7.12361 -1.59791 7.12361
-4.40403 7.17641 -1.62341 7.17641
-5.16189 7.38279 -1.80125 7.38279
-5.46826 7.44959 -1.88468 7.44959
-5.40989 7.50205 -1.91337 7.50205
-6.36578 7.5469 -1.93483 7.5469
-6.08331 7.57208 -1.95284 7.57208
-6.01786 7.62239 -1.96906 7.62239
-6.00221 7.67187 -1.99041 7.67187
-5.94469 7.70479 -2.0125 7.70479
-5.96417 7.74842 -2.03571 7.74842
-6.07457 7.80767 -2.06844 7.80767
-6.17745 7.86086 -2.09541 7.86086
-6.25341 7.90144 -2.12027 7.90144
-6.33094 7.941 -2.13812 7.941
-6.3982 7.97923 -2.1574 7.97923
-6.5521 8.03969 -2.19158 8.03969
-6.6255 8.07768 -2.21831 8.07768
-6.78998 8.13715 -2.27818 8.13715
-6.95593 8.19412 -2.33695 8.19412
-7.04938 8.23391 -2.38166 8.23391
-7.13982 8.27559 -2.42702 8.27559
-7.22737 8.31638 -2.47488 8.31638
-7.25052 8.34726 -2.50908 8.34726
-7.46936 8.41463 -2.58405 8.41463
-7.61856 8.46656 -2.66042 8.46656
-7.77079 8.517 -2.72905 8.517
-7.75073 8.53667 -2.76626 8.53667
-7.91701 8.58991 -2.82271 8.58991
-8.49639 8.71435 -3.02969 8.71435
-8.33657 8.75533 -3.08132 8.75533
-8.1283 8.82023 -3.19223 8.82023
-9.46509 8.84373 -3.26142 8.84373
-9.57637 8.88696 -3.34157 8.88696
-9.6214 8.93012 -3.40398 8.93012
-9.71228 8.98317 -3.51 8.98317
-9.81541 9.03309 -3.60645 9.03309
-9.97821 9.09829 -3.73235 9.09829
-10.3434 9.1372 -3.84193 9.1372
-10.3857 9.17154 -3.90261 9.17154
-10.5231 9.22423 -3.99416 9.22423
-10.6384 9.27 -4.06964 9.27
-10.8107 9.32286 -4.16691 9.32286
-11.0246 9.38024 -4.30156 9.38024
-11.1974 9.42835 -4.41736 9.42835
-11.2347 9.45317 -4.45984 9.45317
-11.3293 9.48911 -4.52788 9.48911
-11.6147 9.55217 -4.66786 9.55217
-11.7938 9.59713 -4.75028 9.59713
-11.9068 9.63279 -4.81477 9.63279
-12.135 9.68329 -4.90897 9.68329
-13.8754 9.91976 -5.32575 9.91976
-14.5465 10.0134 -5.57627 10.0134
-15.0506 10.0794 -5.67088 10.0794
-15.4292 10.105 -5.7047 10.105
-15.4415 10.1508 -5.75714 10.1508
-16.0577 10.2019 -5.81164 10.2019
-16.1802 10.2478 -5.85023 10.2478
-16.3406 10.2918 -5.89056 10.2918
-16.6375 10.3346 -5.92959 10.3346
-17.474 10.4044 -5.99301 10.4044
-16.8774 10.4307 -6.0247 10.4307
-17.2156 10.4645 -6.0504 10.4645
-17.4772 10.5046 -6.06852 10.5046
-18.306 10.5482 -6.09757 10.5482
-18.0965 10.604 -6.13358 10.604
-17.6979 10.6434 -6.16386 10.6434
-16.9799 10.6794 -6.18692 10.6794
-19.4074 10.7472 -6.23131 10.7472
-19.6758 10.7756 -6.24729 10.7756
-19.7725 10.8138 -6.26414 10.8138
-19.8474 10.8555 -6.28652 10.8555
-20.1681 10.8949 -6.29953 10.8949
-20.5114 10.9516 -6.32215 10.9516
-21.0937 11.016 -6.35598 11.016
-21.7289 11.0561 -6.38812 11.0561
-21.9446 11.0951 -6.40561 11.0951
-21.9475 11.1365 -6.42467 11.1365
-22.3215 11.1815 -6.43073 11.1815
-23.026 11.2398 -6.4614 11.2398
-23.4382 11.2871 -6.49116 11.2871
-22.1983 11.3419 -6.52595 11.3419
-22.6444 11.379 -6.56178 11.379
-22.6908 11.4188 -6.5874 11.4188
-22.6123 11.4617 -6.61853 11.4617
-23.0403 11.515 -6.63366 11.515
-24.0558 11.6703 -6.80309 11.6703
-24.2877 11.7035 -6.86796 11.7035
-24.9296 11.7456 -6.9143 11.7456
-25.482 11.7948 -6.96497 11.7948
-25.8032 11.8537 -7.06746 11.8537
-26.125 11.9055 -7.13745 11.9055
-26.9818 11.9738 -7.24734 11.9738
-26.9891 12.0015 -7.30457 12.0015
-27.0431 12.0339 -7.3404 12.0339
-26.9327 12.0802 -7.38841 12.0802
-26.9078 12.1083 -7.45682 12.1083
-26.774 12.149 -7.52484 12.149
-27.075 12.2114 -7.60902 12.2114
-27.6946 12.2608 -7.7088 12.2608
-30.4293 12.4523 -8.1429 12.4523
-30.5982 12.4943 -8.23557 12.4943
2.88412 14.8174 0.33996 14.8174
2.4871 14.861 0.306688 14.861
2.3867 14.9025 0.260333 14.9025
2.29227 14.9457 0.229921 14.9457
2.19402 14.9899 0.173496 14.9899
2.10948 15.0409 0.127208 15.0409
2.02719 15.1038 0.0422221 15.1038
1.89785 15.14 -0.0383238 15.14
1.77722 15.1829 -0.0852379 15.1829
1.65779 15.2332 -0.150752 15.2332
1.52596 15.2765 -0.21539 15.2765
1.39308 15.3219 -0.277704 15.3219
1.24844 15.3532 -0.321864 15.3532
1.11991 15.4073 -0.408808 15.4073
0.982254 15.4628 -0.538997 15.4628
0.947995 15.4835 -0.578856 15.4835
0.696073 15.525 -0.647892 15.525
0.496337 15.5799 -0.737503 15.5799
0.329528 15.6247 -0.823426 15.6247
0.155731 15.6751 -0.92722 15.6751
-0.0377135 15.746 -1.05315 15.746
-0.236335 15.7694 -1.13923 15.7694
-0.438019 15.8042 -1.19493 15.8042
-0.642262 15.8565 -1.25937 15.8565
-1.05504 16.0822 -1.8085 16.0822
-1.21086 29.1383 -0.98099 29.1383
-1.45001 29.174 -1.10135 29.174
-1.68482 29.2184 -1.16476 29.2184
-1.95773 29.2762 -1.28015 29.2762
-2.22735 29.3283 -1.39387 29.3283
-2.50678 29.3816 -1.50119 29.3816
-2.81854 29.4427 -1.62609 29.4427
-3.04315 29.4732 -1.71789 29.4732
-3.29891 29.5194 -1.79827 29.5194
-3.52943 29.5597 -1.8774 29.5597
-3.78845 29.6081 -1.98345 29.6081
-5.14404 29.7761 -2.42598 29.7761
-4.99261 29.7961 -2.46666 29.7961
-5.37003 29.8439 -2.51334 29.8439
-5.57418 29.8955 -2.59188 29.8955
-5.78077 29.9494 -2.6735 29.9494
0.103509 31.6811 -0.248424 31.6811
-0.00479673 31.7497 -0.289783 31.7497
-0.241804 31.9266 -0.589253 31.9266
-0.445732 31.9386 -0.607236 31.9386
-0.678795 32.0175 -0.682861 32.0175
-0.881938 32.0589 -0.773026 32.0589
-1.0598 32.1008 -0.84009 32.1008
-1.22857 32.1441 -0.917766 32.1441
-1.42659 32.2066 -1.0375 32.2066
-1.7518 32.3339 -1.30502 32.3339
-2.03752 32.3872 -1.43208 32.3872
-2.44565 32.4426 -1.54236 32.4426
-2.57817 32.4796 -1.6101 32.4796
-2.82288 32.5371 -1.73592 32.5371
-3.00746 32.5694 -1.83015 32.5694
-3.20726 32.6177 -1.89291 32.6177
-3.39805 32.6612 -1.9919 32.6612
-3.60711 32.7109 -2.10204 32.7109
-3.79577 32.7515 -2.17575 32.7515
-4.02877 32.8126 -2.28707 32.8126
-4.23444 32.8516 -2.39861 32.8516
-4.42823 32.8871 -2.46585 32.8871
-4.63738 32.931 -2.53079 32.931
-4.83254 32.9687 -2.60871 32.9687
-5.06506 33.0199 -2.70919 33.0199
-5.32031 33.0774 -2.83064 33.0774
-5.55332 33.1198 -2.9019 33.1198
-6.00189 33.1505 -2.98368 33.1505
-6.12709 33.1712 -3.03131 33.1712
-6.4927 33.2652 -3.15386 33.2652
-6.75878 33.3147 -3.24001 33.3147
-7.31947 33.5487 -3.55608 33.5487
-8.7618 33.6447 -3.61663 33.6447
-8.96311 33.6982 -3.6694 33.6982
-9.08977 33.7592 -3.75654 33.7592
-1.70457 39.4835 -1.01791 39.4835
-1.79605 39.5315 -1.10637 39.5315
-1.96459 39.5716 -1.19211 39.5716
-2.27049 39.6283 -1.30278 39.6283
-2.48772 39.6558 -1.38276 39.6558
-2.74615 39.7003 -1.45298 39.7003
-2.95692 39.7354 -1.49682 39.7354
-3.23071 39.7823 -1.6401 39.7823
-3.54347 39.839 -1.73468 39.839
-4.04834 39.953 -1.90938 39.953
-4.36432 39.9945 -1.98058 39.9945
-4.65085 40.0269 -2.01799 40.0269
-4.99319 40.0888 -2.08276 40.0888
-5.26784 40.1393 -2.16406 40.1393
-5.61043 40.1674 -2.20603 40.1674
-5.59448 40.2274 -2.24691 40.2274
-5.77096 40.2847 -2.31101 40.2847
-5.83868 40.3072 -2.33997 40.3072
-6.0046 40.3519 -2.3682 40.3519
-6.23092 40.4089 -2.42637 40.4089
-6.45757 40.4667 -2.4662 40.4667
-6.63229 40.5105 -2.49285 40.5105
-6.88115 40.5727 -2.53107 40.5727
-7.05786 40.6117 -2.56163 40.6117
-7.18338 40.6428 -2.57778 40.6428
-7.30481 40.6817 -2.59178 40.6817
-7.46584 40.7319 -2.61454 40.7319
-7.6546 40.7873 -2.66032 40.7873
-7.7627 40.8263 -2.67274 40.8263
-7.95663 40.8829 -2.70725 40.8829
-8.05458 40.92 -2.72675 40.92
-8.20587 40.9619 -2.74531 40.9619
-8.26876 41.0066 -2.75478 41.0066
-8.47583 41.0603 -2.78248 41.0603
-8.62672 41.1105 -2.80863 41.1105
-8.75983 41.1559 -2.82611 41.1559
-8.9724 41.2198 -2.85196 41.2198
-9.62654 41.452 -3.01149 41.452
-11.0318 41.4848 -3.03817 41.4848
-10.9781 41.5598 -3.10324 41.5598
-10.6288 41.5859 -3.14317 41.5859
-10.4844 41.6312 -3.17193 41.6312
-10.4183 41.6779 -3.23792 41.6779
-10.3948 41.723 -3.28366 41.723
-10.5132 41.7847 -3.36555 41.7847
-10.7051 41.8441 -3.44132 41.8441
-10.7311 41.889 -3.51381 41.889
-10.6602 41.916 -3.55516 41.916
-10.8114 41.9734 -3.62356 41.9734
-10.8713 42.0155 -3.69936 42.0155
-11.9933 42.2966 -4.24499 42.2966
-11.6814 42.3379 -4.32583 42.3379
-12.8963 42.3724 -4.38482 42.3724
-12.8451 42.4224 -4.47262 42.4224
-12.8957 42.4879 -4.61201 42.4879
-12.8745 42.5314 -4.72318 42.5314
-12.8733 42.5713 -4.79033 42.5713
-12.8902 42.6085 -4.85842 42.6085
-13.0698 42.6642 -4.95392 42.6642
-0.0648345 46.7954 -0.277261 46.7954
-0.161891 46.8462 -0.258083 46.8462
-0.189952 46.8953 -0.27571 46.8953
-0.0828264 46.9518 0.290538 46.9518
0.016993 46.9976 0.231823 46.9976
0.0985006 47.0334 0.230835 47.0334
0.15898 47.0591 0.226048 47.0591
0.12964 47.1221 0.171332 47.1221
0.106132 47.169 0.128074 47.169
0.0546627 47.2213 0.0926618 47.2213
-0.0200446 47.2755 0.0401761 47.2755
-1.61145 49.8826 -1.0903 49.8826
-1.85455 49.9247 -1.13897 49.9247
-2.13223 49.98 -1.21569 49.98
-2.38066 50.0272 -1.29103 50.0272
-2.59588 50.0678 -1.34619 50.0678
-2.89542 50.1331 -1.43083 50.1331
-3.06612 50.1657 -1.45666 50.1657
-3.28707 50.2146 -1.51513 50.2146
-3.48876 50.2635 -1.5251 50.2635
-3.64399 50.3022 -1.56051 50.3022
-3.76471 50.3338 -1.59489 50.3338
-4.19943 50.4424 -1.71212 50.4424
-4.29712 50.4644 -1.7201 50.4644
-4.46326 50.5055 -1.76488 50.5055
-5.00952 50.562 -1.7839 50.562
-4.93505 50.6073 -1.82866 50.6073
-5.04397 50.6481 -1.84308 50.6481
-5.2728 50.7176 -1.88651 50.7176
-5.35812 50.7501 -1.90933 50.7501
-5.39958 50.7782 -1.92434 50.7782
-5.57456 50.8217 -2.24565 50.8217
-5.76736 50.8858 -1.99312 50.8858
-5.84311 50.9228 -1.98399 50.9228
-5.95241 50.968 -2.01198 50.968
-6.20928 51.0514 -2.0647 51.0514
-6.2603 51.084 -1.90957 51.084
-6.3458 51.1178 -2.08528 51.1178
-6.48071 51.1684 -2.11445 51.1684
-6.55325 51.2051 -2.12626 51.2051
-7.04219 51.2699 -2.16193 51.2699
-6.96206 51.3297 -2.19591 51.3297
-7.06266 51.3676 -2.22699 51.3676
-7.05273 51.3868 -2.24319 51.3868
-7.13595 51.4339 -2.26428 51.4339
-7.24874 51.4855 -2.32665 51.4855
-7.35867 51.5353 -2.36331 51.5353
-7.4473 51.5782 -2.40008 51.5782
-7.58099 51.6328 -2.44229 51.6328
-7.72453 51.6861 -2.51987 51.6861
-7.79999 51.7154 -2.5594 51.7154
-7.95306 51.7694 -2.61386 51.7694
-8.09187 51.8166 -2.68102 51.8166
-8.20477 51.8556 -2.74577 51.8556
-8.32404 51.8986 -2.79904 51.8986
-8.46376 51.9482 -2.87408 51.9482
-8.69337 52.0111 -2.91554 52.0111
-8.72833 52.0453 -2.80073 52.0453
-8.82041 52.087 -2.81129 52.087
-8.89659 52.1261 -2.84165 52.1261
-8.97169 52.1666 -2.89307 52.1666
-9.0979 52.2078 -3.28034 52.2078
-9.24216 52.2536 -3.33444 52.2536
-10.9279 52.6266 -3.00089 52.6266
-11.1393 52.6665 -3.07456 52.6665
-10.9458 52.6924 -3.13271 52.6924
-10.6642 52.712 -3.16766 52.712
-10.799 52.7894 -3.29904 52.7894
-10.9305 52.8521 -3.45483 52.8521
-10.92 52.8876 -3.57486 52.8876
-11.1485 52.9513 -3.68474 52.9513
-11.2659 52.9779 -3.76556 52.9779
-11.5106 53.0285 -3.82241 53.0285
-11.671 53.0699 -3.92986 53.0699
-11.8607 53.1113 -3.99976 53.1113
-11.9496 53.1599 -4.05535 53.1599
-12.269 53.2133 -4.10702 53.2133
-12.5244 53.2703 -3.99742 53.2703
-12.5737 53.2973 -4.03211 53.2973
-12.6029 53.339 -4.06382 53.339
-12.8219 53.3957 -4.06642 53.3957
-12.8124 53.4431 -3.99719 53.4431
-13.1998 53.4845 -4.01414 53.4845
-13.3776 53.5351 -4.57232 53.5351
-13.6234 53.5867 -4.63618 53.5867
-13.6729 53.6199 -4.66303 53.6199
-14.0078 53.6764 -4.71645 53.6764
-14.2089 53.7253 -4.75101 53.7253
-14.3705 53.7572 -4.76966 53.7572
-14.7092 53.8738 -4.88033 53.8738
-14.9436 53.9077 -4.88944 53.9077
-15.5093 53.9477 -4.91525 53.9477
-15.4409 53.9803 -4.92582 53.9803
-15.5404 54.0475 -4.95976 54.0475
-15.5291 54.0773 -4.98596 54.0773
-15.5255 54.1284 -5.00335 54.1284
-15.9792 54.2026 -5.04639 54.2026
-16.0507 54.2387 -5.07254 54.2387
-16.3148 54.2729 -5.07855 54.2729
-16.49 54.3198 -5.10039 54.3198
-16.8414 54.374 -5.1369 54.374
-16.3597 54.4107 -5.15413 54.4107
-16.7654 54.4625 -5.17524 54.4625
-17.084 54.5198 -5.21757 54.5198
-17.0305 54.5499 -5.23329 54.5499
-17.1546 54.592 -5.24219 54.592
-17.7549 54.6387 -5.27117 54.6387
-17.3243 54.6919 -5.30126 54.6919
-18.1876 54.7484 -5.34999 54.7484
-18.772 54.8292 -5.41388 54.8292
-18.8367 54.863 -5.47336 54.863
-18.9049 54.9195 -5.50186 54.9195
-19.1006 54.9581 -5.60251 54.9581
-19.167 54.9857 -6.16 54.9857
-19.3787 55.051 -6.5183 55.051
-19.9853 55.1046 -6.82896 55.1046
-20.4781 55.1477 -7.06528 55.1477
-20.6184 55.1822 -7.15763 55.1822
-20.8362 55.2336 -7.1792 55.2336
-20.8488 55.2819 -7.24887 55.2819
-22.4052 55.3226 -7.31281 55.3226
-22.3241 55.387 -7.41137 55.387
-23.2136 55.4317 -7.47722 55.4317
-23.2563 55.4664 -7.56134 55.4664
-23.4757 55.503 -7.61826 55.503
-23.3865 55.5502 -7.69336 55.5502
-25.51 55.6047 -7.79938 55.6047
-24.9035 55.6396 -7.87103 55.6396
-24.8017 55.6796 -7.91108 55.6796
-25.1649 55.7382 -8.03714 55.7382
-25.1553 55.7894 -8.15468 55.7894
-29.5801 55.8197 -8.22762 55.8197
-29.6441 55.8697 -8.31219 55.8697
-29.5673 55.9074 -8.3803 55.9074
-29.1457 55.9343 -8.44392 55.9343
-28.713 55.9663 -8.49854 55.9663
-30.1595 56.0545 -8.66336 56.0545
-31.8468 56.1143 -8.83883 56.1143
-32.2919 56.1407 -8.89798 56.1407
-33.4307 56.1951 -8.96634 56.1951
-3.09037 58.2213 -1.03734 58.2213
-3.28353 58.2649 -1.09986 58.2649
-3.40643 58.2983 -1.13253 58.2983
-3.56255 58.3405 -1.15498 58.3405
-3.63879 58.3715 -1.18942 58.3715
-3.94953 58.4388 -1.26103 58.4388
-4.14952 58.4875 -1.3404 58.4875
-4.37921 58.5397 -1.42251 58.5397
-4.44211 58.5643 -1.44483 58.5643
-4.60153 58.607 -1.51158 58.607
-4.81118 58.6591 -1.58257 58.6591
-5.00297 58.7053 -1.68627 58.7053
-5.20273 58.7547 -1.73894 58.7547
-5.53158 58.8257 -1.87672 58.8257
-5.7071 58.8637 -1.96074 58.8637
-5.78523 58.888 -2.00525 58.888
-5.72237 58.9408 -2.07672 58.9408
-5.83914 58.9783 -2.16049 58.9783
-6.05805 59.0298 -2.22367 59.0298
-6.37048 59.0953 -2.39292 59.0953
-6.65518 59.1509 -2.49171 59.1509
2.74805 60.7456 0.183119 60.7456
2.54518 60.778 0.160901 60.778
2.42953 60.8181 0.155015 60.8181
2.29525 60.8509 0.135353 60.8509
2.19785 60.8911 0.113426 60.8911
2.1442 60.9456 0.0868723 60.9456
2.07966 61.0004 0.057329 61.0004
2.00973 61.0569 0.0195891 61.0569
1.90757 61.0861 0.0129604 61.0861
1.83353 61.1322 -0.00280267 61.1322
1.79676 61.239 -0.0567854 61.239
1.69201 61.3649 -0.145302 61.3649
