5615.46 0.45 1.44697 0
5327.6 0.480664 1.40035 0.0306642
3133.87 0.582843 1.20709 0.132843
2993.61 0.605167 1.15058 0.155167
2871.17 0.644901 1.09647 0.194901
2121.89 0.727474 1.01486 0.277474
1718.37 0.778694 0.909731 0.328694
1390.03 0.845388 0.838355 0.395388
1198.82 0.889449 0.77009 0.439449
1074.24 0.931503 0.725822 0.481503
946.548 0.985817 0.657535 0.535817
830.454 1.03051 0.628506 0.580507
723.394 1.08488 0.574831 0.634875
596.627 1.1617 0.504337 0.711702
506.269 1.19643 0.466215 0.746433
450.915 1.24331 0.439591 0.793315
401.414 1.29832 0.410815 0.848316
353.427 1.35203 0.375579 0.902025
310.684 1.40227 0.331882 0.952268
270.888 1.47778 0.29871 1.02778
232.765 1.50116 0.27668 1.05116
211.631 1.53926 0.260542 1.08926
193.589 1.62784 0.226655 1.17784
166.394 1.6826 0.189583 1.2326
144.174 1.76335 0.149587 1.31335
122.581 1.80767 0.115276 1.35767
107.937 1.85836 0.104554 1.40836
96.108 1.90768 0.0803458 1.45768
86.7234 1.97742 0.0418232 1.52742
76.5265 2.02833 0.0192147 1.57833
92.3269 2.09741 6.25799 1.64741
99.5696 2.12087 6.23576 1.67087
96.884 2.1845 2.35351 1.7345
91.5908 2.23151 2.3086 1.78151
86.3651 2.27392 2.27052 1.82392
82.0195 2.32644 2.23087 1.87644
77.8157 2.40064 2.13125 1.95064
70.5931 2.42158 2.08898 1.97158
66.7737 2.47932 2.04596 2.02932
62.2502 2.52776 1.98317 2.07776
58.3053 2.58868 1.91551 2.13868
54.0849 2.64971 1.81915 2.19971
49.9525 2.71777 1.71244 2.26777
45.2202 2.75333 1.62898 2.30333
41.7751 2.80445 1.56957 2.35445
38.7764 2.86323 1.47501 2.41323
35.8344 2.91712 1.37709 2.46712
33.2718 2.98141 1.26779 2.53141
30.7238 3.04334 1.13053 2.59334
28.1388 3.08403 1.06081 2.63403
25.919 3.11702 1.01787 2.66702
24.3173 3.17473 0.914126 2.72473
22.8348 3.24131 0.818705 2.79131
21.272 3.30384 0.651934 2.85384
19.7308 3.36478 0.498907 2.91478
18.1656 3.40283 0.434654 2.95283
16.8961 3.45758 0.334163 3.00758
15.7171 3.51555 0.22101 3.06555
14.5854 3.57122 0.10115 3.12122
13.5303 3.62729 0.00338141 3.17729
14.3193 3.68528 6.14973 3.23528
14.8308 3.7337 6.04217 3.2837
15.1425 3.77376 5.97248 3.32376
15.3407 3.82993 5.84871 3.37993
15.3613 3.89215 5.69761 3.44215
13.7859 4.47021 1.18198 4.02021
12.3353 4.53212 1.1252 4.08212
11.1913 4.59451 1.08425 4.14451
10.2907 4.62404 1.05219 4.17404
9.58142 4.68695 1.03463 4.23695
9.20184 4.73231 1.00154 4.28231
8.95252 4.79236 0.972649 4.34236
9.23907 4.84671 0.945886 4.39671
9.27894 4.90842 0.898286 4.45842
9.0236 4.95269 0.875023 4.50269
8.69082 5.00609 0.842723 4.55609
8.41019 5.06017 0.828666 4.61017
8.11883 5.10084 0.801468 4.65084
7.92056 5.16257 0.778706 4.71257
7.63237 5.20674 0.749831 4.75674
7.57302 5.27756 0.718034 4.82756
7.16977 5.31592 0.699898 4.86592
7.15124 5.37449 0.6737 4.92449
7.0704 5.43015 0.63402 4.98015
6.84655 5.49394 0.602962 5.04394
6.70366 5.541 0.554128 5.091
6.5511 5.60444 0.49849 5.15444
6.39422 5.63371 0.454317 5.18371
6.32179 5.68661 0.410882 5.23661
6.23373 5.75452 0.341549 5.30452
6.12003 5.80208 0.292597 5.35208
6.00556 5.86993 0.221856 5.41993
5.76329 5.93216 0.131138 5.48216
5.64162 5.97722 0.0710755 5.52722
6.79864 6.42763 4.20973 5.97763
6.75391 6.47184 4.14925 6.02184
8.45687 6.80763 3.35663 6.35763
9.07478 6.84347 3.24555 6.39347
8.64728 6.89164 3.18936 6.44164
8.75673 6.96108 3.05149 6.51108
8.60622 6.99982 2.968 6.54982
8.50362 7.07491 2.83168 6.62491
8.5485 7.13369 2.68973 6.68369
8.34717 7.17212 2.61446 6.72212
8.4201 7.21066 2.55713 6.76066
8.87566 7.28173 2.45915 6.83173
9.20109 7.33331 2.37153 6.88331
9.46716 7.38259 2.29134 6.93259
10.2142 7.45322 2.19005 7.00322
10.4165 7.48912 2.11725 7.03912
11.3055 7.55078 2.07477 7.10078
12.1027 7.61588 1.98985 7.16588
8.36584 7.66481 1.93686 7.21481
8.92702 7.7171 1.88773 7.2671
9.47337 7.7721 1.83295 7.3221
9.76982 7.82379 1.79583 7.37379
10.9198 7.89487 1.743 7.44487
11.2754 7.94355 1.70786 7.49355
11.9396 8.00568 1.66635 7.55568
12.7071 8.08547 1.60879 7.63547
12.5606 8.1226 1.59367 7.6726
12.4045 8.16886 1.56891 7.71886
12.7556 8.22256 1.54353 7.77256
13.1211 8.29785 1.51444 7.84785
12.7697 8.34574 1.48331 7.89574
12.9306 8.4315 1.442 7.9815
12.1371 8.47229 1.42203 8.02229
11.7873 8.52878 2.58624 8.07878
16.3057 9.07359 4.03514 8.62359
15.1322 9.11635 3.4993 8.66635
13.9584 9.18407 3.34635 8.73407
12.7755 9.23292 3.24392 8.78292
14.2528 9.29057 3.15897 8.84057
13.4023 9.34064 3.08561 8.89064
12.9977 9.39259 2.99141 8.94259
12.5443 9.43946 2.91096 8.98946
10.325 9.4914 2.82722 9.0414
10.1354 9.53928 2.75046 9.08928
10.0878 9.59398 2.65601 9.14398
10.1578 9.65336 2.54221 9.20336
10.2841 9.7057 2.43036 9.2557
10.5894 9.7645 2.34717 9.3145
10.8351 9.81514 2.23207 9.36514
11.0521 9.85726 2.15024 9.40726
11.0491 9.97815 2.52067 9.52815
11.7602 10.0425 1.78349 9.59247
12.0879 10.0821 1.71154 9.63207
12.892 10.1401 1.59102 9.69012
13.2928 10.1847 1.489 9.7347
14.1117 10.2481 1.38335 9.79807
14.9709 10.3205 1.24136 9.87047
15.1309 10.357 1.12482 9.90702
15.2579 10.3968 1.05256 9.94679
15.8133 10.4558 0.957395 10.0058
16.132 10.5098 0.999572 10.0598
16.6596 10.5815 0.956963 10.1315
16.9614 10.644 0.64668 10.194
16.4504 10.6782 0.577108 10.2282
16.4062 10.7337 0.507515 10.2837
15.9648 10.7921 0.423472 10.3421
15.8504 10.8552 0.332492 10.4052
15.2622 10.9116 0.277506 10.4616
14.8361 10.988 0.190519 10.538
13.6832 11.0182 0.1491 10.5682
13.0088 11.071 0.114854 10.621
12.3269 11.1261 1.28227 10.6761
12.0357 11.18 1.20855 10.73
11.3674 11.2292 1.16179 10.7792
10.7054 11.3057 1.10965 10.8557
10.0109 11.3442 1.08612 10.8942
9.21716 11.3963 1.06046 10.9463
8.53241 11.4497 1.03451 10.9997
8.10438 11.519 1.00125 11.069
6.10498 11.5825 0.953461 11.1325
6.04984 11.6403 0.931872 11.1903
6.03979 11.6833 0.915931 11.2333
6.19694 11.8022 1.09283 11.3522
6.21107 11.8565 1.09182 11.4065
6.28526 11.9389 0.793395 11.4889
6.21692 11.9668 0.765148 11.5168
6.18662 12.0224 0.743853 11.5724
6.2051 12.078 0.733932 11.628
6.33532 12.1414 0.663961 11.6914
6.4378 12.1958 0.64384 11.7458
6.59446 12.2464 3.03213 11.7964
6.84366 12.298 2.99182 11.848
7.12444 12.3511 2.93412 11.9011
7.26311 12.3994 2.86367 11.9494
7.61813 12.4508 2.80047 12.0008
7.77327 12.4959 2.73767 12.0459
8.12505 12.5728 2.62266 12.1228
8.24073 12.6053 2.58975 12.1553
8.63748 12.6795 2.49864 12.2295
8.8174 12.731 2.41624 12.281
9.01508 12.7832 2.34435 12.3332
9.05889 12.837 2.26736 12.387
9.24135 12.8861 2.15385 12.4361
9.22867 12.9187 2.10189 12.4687
9.24971 12.9686 2.0333 12.5186
9.56778 13.0194 1.9379 12.5694
9.83721 13.0689 1.85186 12.6189
10.1994 13.146 1.70768 12.696
10.3384 13.1893 1.58674 12.7393
10.6315 13.2258 1.51484 12.7758
10.6295 13.2869 1.42498 12.8369
10.7577 13.3445 2.51647 12.8945
10.7297 13.4085 2.3974 12.9585
9.89753 13.4626 2.26896 13.0126
9.93015 13.5132 2.13776 13.0632
10.0654 13.5601 2.0516 13.1101
10.1424 13.6069 1.95885 13.1569
10.2306 13.6666 1.85378 13.2166
10.2942 13.718 1.74975 13.268
10.3493 13.7791 1.62455 13.3291
10.3883 13.8275 1.52118 13.3775
10.4383 13.8675 1.47498 13.4175
10.4774 13.9441 1.35184 13.4941
10.4939 14.0004 1.25744 13.5504
10.4912 14.049 1.17077 13.599
10.4804 14.1309 1.06566 13.6809
10.4127 14.1669 1.0095 13.7169
10.356 14.2189 0.959628 13.7689
10.3129 14.2842 0.889387 13.8342
10.0269 14.3149 0.837481 13.8649
9.85232 14.3843 0.790785 13.9343
9.89318 14.4557 1.92016 14.0057
9.81033 14.5001 1.8903 14.0501
9.80442 14.5528 1.84725 14.1028
9.73197 14.6132 1.79845 14.1632
9.59321 14.6688 1.75964 14.2188
9.62226 14.7179 1.72537 14.2679
9.72155 14.7965 1.675 14.3465
9.5922 14.8256 1.65156 14.3756
9.58963 14.8853 1.62804 14.4353
9.46532 14.9366 1.60633 14.4866
9.50492 14.9971 1.58208 14.5471
9.65077 15.0391 1.55507 14.5891
9.80629 15.121 1.52111 14.671
9.78077 15.1522 1.49179 14.7022
9.75808 15.19 1.48287 14.74
9.81591 15.2517 1.45861 14.8017
9.76731 15.3131 1.4256 14.8631
9.93209 15.381 1.39396 14.931
9.93753 15.4342 1.34492 14.9842
9.88047 15.4719 1.32951 15.0219
10.3256 15.5839 3.71999 15.1339
10.6178 15.6313 3.69279 15.1813
10.913 15.7908 3.46848 15.3408
11.1645 15.8524 3.40689 15.4024
11.3376 15.9084 3.3027 15.4584
11.4658 15.9721 3.21881 15.5221
11.4882 16.0281 3.12652 15.5781
11.1334 16.0694 0.62615 15.6194
10.8057 16.1231 0.54629 15.6731
10.5539 16.1789 0.461965 15.7289
9.9195 16.2397 0.357546 15.7897
9.70179 16.2857 0.283313 15.8357
9.5125 16.3736 0.617642 15.9236
9.3465 16.4048 0.0603803 15.9548
9.73838 16.4441 6.28275 15.9941
8375.65 20.8712 2.24915 20.4212
6602.78 20.922 2.23268 20.472
4984.44 20.9885 2.16039 20.5385
4244.07 21.0425 2.06327 20.5925
3354.11 21.0984 0.776602 20.6484
2925.19 21.1298 0.747443 20.6798
2336.47 21.1999 0.704977 20.7499
1957.2 21.2388 0.66575 20.7888
1545.17 21.3144 0.621537 20.8644
1231.75 21.3754 0.57103 20.9254
1038.81 21.4243 0.540156 20.9743
887.245 21.485 0.516524 21.035
735.065 21.5587 0.479733 21.1087
614.987 21.6162 0.444075 21.1662
529.949 21.669 0.418413 21.219
462.929 21.7246 0.383725 21.2746
409.165 21.7614 0.363679 21.3114
370.095 21.8159 0.353199 21.3659
328.633 21.8738 0.325264 21.4238
289.079 21.9187 0.298867 21.4687
257.636 21.9601 0.281198 21.5101
231.064 22.0315 0.236795 21.5815
200.71 22.0647 0.213842 21.6147
180.595 22.1301 0.187522 21.6801
158.578 22.1854 0.144529 21.7354
139.408 22.2462 0.0949839 21.7962
122.159 22.3083 0.0631931 21.8583
106.246 22.3501 0.000474626 21.9001
126.311 22.4014 6.24005 21.9514
6348.55 24.1788 1.7433 23.7288
5382.94 24.2276 1.65852 23.7776
4551.83 24.277 1.60864 23.827
4015.77 24.3186 1.57159 23.8686
3166.08 24.3836 1.49852 23.9336
2533.96 24.4451 1.44877 23.9951
2047.25 24.5132 1.3888 24.0632
1846.43 24.5504 1.35653 24.1004
1699.87 24.5987 1.32843 24.1487
1450.2 24.6701 1.27559 24.2201
1233.31 24.7264 1.234 24.2764
1093.61 24.7703 1.19797 24.3203
978.859 24.8269 1.18005 24.3769
877.534 24.8724 1.15885 24.4224
788.961 24.9275 1.12878 24.4775
695.035 24.99 1.08494 24.54
606.83 25.0481 1.06682 24.5981
528.414 25.1151 1.03579 24.6651
464.542 25.154 1.00789 24.704
423.511 25.1951 0.993171 24.7451
388.977 25.2667 0.954706 24.8167
345.082 25.3241 0.927394 24.8741
305.495 25.3946 0.890786 24.9446
267.17 25.4505 0.845452 25.0005
236.237 25.4833 0.823644 25.0333
217.259 25.5435 0.793329 25.0935
196.552 25.5937 0.750495 25.1437
178.78 25.676 0.660564 25.226
156.555 25.7395 0.605543 25.2895
136.395 25.7725 0.552576 25.3225
123.53 25.8264 0.510763 25.3764
111.736 25.8813 0.438351 25.4313
101.09 25.9442 0.35353 25.4942
90.1473 25.9926 0.285372 25.5426
8541.33 27.545 2.32694 27.095
6674.37 27.6086 2.26016 27.1586
6189.1 27.6452 2.2179 27.1952
5269.71 27.6987 2.18494 27.2487
4609.57 27.7402 2.13109 27.2902
3547.22 27.8113 2.07218 27.3613
2906.43 27.8685 2.03677 27.4185
2397.32 27.9369 1.97418 27.4869
2232.93 27.9572 1.94993 27.5072
2115.13 28.0121 1.9214 27.5621
1821.16 28.0845 1.87651 27.6345
1503.42 28.1577 1.8341 27.7077
1268.79 28.2241 1.80136 27.7741
1136.37 28.2609 1.78018 27.8109
1067.19 28.2958 1.76276 27.8458
1014.22 28.3457 1.74261 27.8957
939.275 28.4007 1.7078 27.9507
835.608 28.4752 1.67087 28.0252
717.838 28.5435 1.62831 28.0935
626.569 28.5841 1.60715 28.1341
590.303 28.632 2.80487 28.182
556.776 28.6909 2.7712 28.2409
517.077 28.7442 2.74545 28.2942
478.488 28.8049 2.69931 28.3549
436.109 28.8783 2.63871 28.4283
389.339 28.9185 2.59436 28.4685
357.294 28.9632 2.56983 28.5132
332.103 29.0257 2.52136 28.5757
302.915 29.0752 2.4601 28.6252
277.282 29.1231 2.42071 28.6731
256.384 29.2068 2.30159 28.7568
226.22 29.2389 2.24885 28.7889
206.776 29.2916 2.20041 28.8416
189.887 29.3664 2.09023 28.9164
169.685 29.4214 2.00623 28.9714
152.796 29.4912 1.89655 29.0412
135.276 29.535 1.81266 29.085
121.9 29.5865 1.74287 29.1365
109.994 29.6309 1.64774 29.1809
100.819 29.6941 1.53801 29.2441
91.2803 29.7447 1.43784 29.2947
83.5767 29.8186 1.28205 29.3686
74.2675 29.8439 1.2009 29.3939
68.0931 29.8969 1.11955 29.4469
62.9615 29.9771 0.967917 29.5271
56.547 30.0175 0.873283 29.5675
51.0803 30.048 0.833074 29.598
47.6183 30.1387 0.644841 29.6887
42.8056 30.1753 0.543829 29.7253
38.9002 30.217 0.470331 29.767
35.6847 30.2746 0.353282 29.8246
32.7005 30.3414 0.222382 29.8914
29.6933 30.3959 0.111623 29.9459
29.8392 30.4649 6.26775 30.0149
